"","Date","Real GDP per capita (millions of chained 2012 dollars per person)","Electricity Sale to Residential Consumers per capita (MJ/person)","Natural Gas Deliveries to Residential Consumers per capita (MJ/person)","HDD","CDD","DD"
"1","1990-01",0.0376169560748927,1154.56454938243,5273.39380797925,1152,0,-1152
"2","1990-02",0.0375423195981409,1018.47601174838,4545.21726958425,1043,0,-1043
"3","1990-03",0.0374704076900328,984.469508024213,4225.46669355868,886,0,-886
"4","1990-04",0.037369975849907,876.100953335018,3293.3240400412,575,0,-575
"5","1990-05",0.0372913913720138,816.938879177759,2411.98507800135,417,1,-416
"6","1990-06",0.0372142994516327,786.884916737554,1391.33613226408,50,107,57
"7","1990-07",0.0371463248461184,828.163608856153,820.823580313103,35,104,69
"8","1990-08",0.0370826155964484,796.456111889891,779.044318959828,25,69,44
"9","1990-09",0.037026590458364,794.224970069629,768.881214988123,114,43,-71
"10","1990-10",0.0369817743307509,788.182647269493,1135.93282149015,536,0,-536
"11","1990-11",0.036968413050151,842.327815889734,2349.14914765369,805,0,-805
"12","1990-12",0.0369673772468848,984.073795685627,3600.94392592558,1367,0,-1367
"13","1991-01",0.0369828994532124,1198.58164017993,5881.73772915705,1315,0,-1315
"14","1991-02",0.0370018619578829,1047.89109806417,4961.70288151738,873,0,-873
"15","1991-03",0.0370407179278685,959.079972917663,3833.23755072299,870,0,-870
"16","1991-04",0.0370803172801604,884.621620224128,3009.53703066417,644,0,-644
"17","1991-05",0.0371156290785986,816.085555105499,2323.91311793974,299,1,-298
"18","1991-06",0.0371457243819943,782.616392781106,1173.90545579607,65,52,-13
"19","1991-07",0.0372229259980051,817.436146673836,836.13794216195,19,120,101
"20","1991-08",0.0373059620294252,822.769681656316,741.390580259239,10,82,72
"21","1991-09",0.0374009993248262,808.49089949107,766.805141874538,191,6,-185
"22","1991-10",0.0375157854713279,769.993825910087,1144.37539989229,539,0,-539
"23","1991-11",0.0376555281261225,854.031602644244,2604.15309796911,1012,0,-1012
"24","1991-12",0.037823806771089,1039.06279950289,4507.71565419688,1180,0,-1180
"25","1992-01",0.0380075920098077,1138.59918289395,5202.09710898615,1233,0,-1233
"26","1992-02",0.038188511860491,1012.1377561687,4615.58210457164,920,0,-920
"27","1992-03",0.0383564068947561,964.724797318649,3677.86887201592,803,0,-803
"28","1992-04",0.0385049654534361,867.993382101024,2804.15759777862,474,0,-474
"29","1992-05",0.0386456520176322,782.081894151056,1592.86311290876,279,1,-278
"30","1992-06",0.0387751447102081,789.949004586018,1257.93138109418,128,13,-115
"31","1992-07",0.0388977831330594,784.045129190885,889.280277241744,26,64,38
"32","1992-08",0.0390026718192952,806.824518186272,769.57049526991,71,63,-8
"33","1992-09",0.039107863561291,794.277215691352,832.297594763251,154,11,-143
"34","1992-10",0.0392089973944977,781.685782538493,1113.54072225504,471,0,-471
"35","1992-11",0.0393130800732435,836.416450616682,2382.25358349448,1062,0,-1062
"36","1992-12",0.0394191312135105,1075.04483538883,4910.30488903063,1348,0,-1348
"37","1993-01",0.039518514685162,1146.88561668118,5783.28626850506,1321,0,-1321
"38","1993-02",0.0396319053423935,1013.19032278786,4971.98829721764,1130,0,-1130
"39","1993-03",0.0397512272509611,1020.83330698671,4665.26250970841,867,0,-867
"40","1993-04",0.0398659294141882,870.937730299942,3066.21456109352,647,0,-647
"41","1993-05",0.0399832700913406,776.76641453228,2010.78469115182,334,0,-334
"42","1993-06",0.0400993715507853,812.77400642021,1232.26320125425,136,38,-98
"43","1993-07",0.0402169513360977,848.626297167321,877.012126168445,17,92,75
"44","1993-08",0.0403323216967502,878.70787625227,733.584080818303,41,59,18
"45","1993-09",0.040455964467224,814.530636046508,926.381227958262,273,2,-271
"46","1993-10",0.0405855753589569,761.358105774343,1358.82108407746,612,0,-612
"47","1993-11",0.0407316976043005,817.834781939183,2736.74747875297,1056,0,-1056
"48","1993-12",0.0408871455868912,1016.00390385619,4416.28132567191,1155,0,-1155
"49","1994-01",0.0410480578299307,1097.66042797912,4930.80396431731,1151,0,-1151
"50","1994-02",0.0412197280161006,997.747552425987,4661.96742284834,1098,0,-1098
"51","1994-03",0.0413791549496329,972.468588133187,4081.74080767337,801,0,-801
"52","1994-04",0.0415167060465087,867.122403587543,2935.89661494635,614,0,-614
"53","1994-05",0.0416628104000994,792.128817200005,2053.16058609246,255,3,-252
"54","1994-06",0.0417952425528576,794.605872682242,1043.75752088511,24,102,78
"55","1994-07",0.0419209810765865,869.620017468569,763.260382806531,11,122,111
"56","1994-08",0.042040532112307,854.955335775532,711.299963083632,6,144,138
"57","1994-09",0.042154577194561,853.51547284411,728.192769205434,154,21,-133
"58","1994-10",0.0422686917522764,799.969970092575,1195.0535685333,547,0,-547
"59","1994-11",0.0423888086043445,844.260754039084,2493.12777395146,946,0,-946
"60","1994-12",0.0425100678240007,1036.42516541588,4323.13517896269,1065,0,-1065
"61","1995-01",0.0426301976941597,1060.86585824586,4814.205919775,1179,0,-1179
"62","1995-02",0.0427527503946709,988.811397324988,4275.1378908092,868,0,-868
"63","1995-03",0.0428743300790135,956.073926652052,3797.56845410503,871,0,-871
"64","1995-04",0.0429811999472764,876.97535599807,2911.48011034343,739,0,-739
"65","1995-05",0.0430925212667785,846.164705147736,2690.08370239701,523,0,-523
"66","1995-06",0.0431919633893306,822.621752769036,1790.80526328642,167,21,-146
"67","1995-07",0.0432843725705244,838.585522894112,1052.19448125069,37,113,76
"68","1995-08",0.0433747427087619,901.476902093143,784.23443385739,8,183,175
"69","1995-09",0.0434562668155426,927.977147440201,809.440940340711,237,44,-193
"70","1995-10",0.0435375433170021,830.044757778364,1589.35353032706,573,0,-573
"71","1995-11",0.0436334624728101,852.535825190924,2567.97207136137,784,0,-784
"72","1995-12",0.0437390265092561,989.163086205456,3561.19752586865,1089,0,-1089
"73","1996-01",0.043850374694803,1121.19094399366,5104.59214979555,1272,0,-1272
"74","1996-02",0.0439732254688953,1054.36054998072,5064.55602237631,995,0,-995
"75","1996-03",0.0441014613827416,997.722467399219,4248.94989410197,963,0,-963
"76","1996-04",0.0442323655493883,891.933827221036,3329.65005133388,598,0,-598
"77","1996-05",0.0443773355697321,802.573581973562,1990.49876890538,290,11,-279
"78","1996-06",0.0445267874528612,855.033705333173,1242.75565932847,51,55,4
"79","1996-07",0.0446865224397306,919.738172096228,824.653622618544,4,141,137
"80","1996-08",0.0448486421884039,943.262708846597,718.608067454258,5,90,85
"81","1996-09",0.0450227729075462,872.345696357243,793.923698281467,236,17,-219
"82","1996-10",0.045213557106838,810.664637578257,1396.28276038859,539,0,-539
"83","1996-11",0.0454170548305744,876.573970438452,2730.09098045624,890,0,-890
"84","1996-12",0.0456511845027072,1065.36755545654,4504.44534825357,1127,0,-1127
"85","1997-01",0.0459020492577174,1153.55410875679,5280.76820698186,1264,0,-1264
"86","1997-02",0.0461616836938566,1030.25351883202,4967.49379737206,1040,0,-1040
"87","1997-03",0.0464213988639623,995.447244304529,4473.35416112636,808,0,-808
"88","1997-04",0.0466757536079671,899.4567732226,3108.39119439019,776,0,-776
"89","1997-05",0.0469364770235288,854.617510664329,2401.13039005846,353,0,-353
"90","1997-06",0.0471943461316755,801.644728907333,1165.59056941673,71,46,-25
"91","1997-07",0.0474527687147597,943.84954465553,835.140205685305,12,152,140
"92","1997-08",0.047701882724581,937.641709153556,727.835285416011,31,86,55
"93","1997-09",0.047958617493056,907.094939289909,760.95274149949,133,22,-111
"94","1997-10",0.0482258850931576,829.799554047834,1200.22276652417,556,0,-556
"95","1997-11",0.048507936707442,899.185499141852,2833.21103788772,974,0,-974
"96","1997-12",0.0488049987115972,1092.60976128988,4867.18396895518,1239,0,-1239
"97","1998-01",0.0491035918417637,1174.36901551421,5483.06971835971,1129,0,-1129
"98","1998-02",0.0494141156201703,1007.7418918227,4696.05573092087,960,0,-960
"99","1998-03",0.0497225200036625,1016.27145678365,4514.56311840752,956,0,-956
"100","1998-04",0.0500081920526813,900.4272726592,3218.81015863532,679,0,-679
"101","1998-05",0.0502888340128302,831.84110833517,2181.6475301466,282,3,-279
"102","1998-06",0.0505616243501166,822.202553437046,459.733659565538,171,35,-136
"103","1998-07",0.0508275876831775,996.701388271159,953.086824211,1,180,179
"104","1998-08",0.0510817247970492,967.696735754893,700.262084733992,9,99,90
"105","1998-09",0.0513361720790644,966.834660938967,772.468208788465,80,60,-20
"106","1998-10",0.0515905372229819,878.958046388414,1200.88091835293,525,0,-525
"107","1998-11",0.0518490930122258,837.994339612088,2420.68748705897,784,0,-784
"108","1998-12",0.0521163072369671,1076.36186490444,4070.74068374845,1195,0,-1195
"109","1999-01",0.0523762016650406,1271.42911760226,5743.6635710739,1080,0,-1080
"110","1999-02",0.0526406764337131,1013.20855003681,4169.00845732828,861,0,-861
"111","1999-03",0.0528828554618672,965.95285245358,3698.38131364757,776,0,-776
"112","1999-04",0.053084866087671,923.022736338591,2906.1975122748,719,0,-719
"113","1999-05",0.0532607752034375,868.749882164193,2615.38109141046,399,0,-399
"114","1999-06",0.0534076296413813,844.875641117351,1273.16969216269,118,32,-86
"115","1999-07",0.0535288050231179,967.258577790341,835.892198974701,0,180,180
"116","1999-08",0.0536222691527034,1099.05302027428,741.099116937046,9,98,89
"117","1999-09",0.0536951009447918,975.838587894591,797.982658914145,267,10,-257
"118","1999-10",0.0537469302530007,806.984367996284,1481.81793068314,521,0,-521
"119","1999-11",0.0537882853030094,846.715066031468,2161.70061623027,687,0,-687
"120","1999-12",0.0538152892407902,1075.6351315262,3876.74838126035,1102,0,-1102
"121","2000-01",0.0538132835076537,1129.19424744786,4909.86812755245,1093,0,-1093
"122","2000-02",0.053828052999445,957.367656146223,4171.53745854131,872,0,-872
"123","2000-03",0.053838508503911,932.063311821947,3682.04185492568,844,0,-844
"124","2000-04",0.0538292290245609,839.84656389148,2856.03395553013,537,0,-537
"125","2000-05",0.0538330384655577,805.771945255312,1649.51154700777,258,16,-242
"126","2000-06",0.0538243857600837,895.56858945414,1032.90013916049,70,54,-16
"127","2000-07",0.0538002489782746,1007.60954535059,757.308669131489,0,210,210
"128","2000-08",0.0537776044944777,1226.22709375754,641.071040081446,0,188,188
"129","2000-09",0.0537462553350812,1001.4772448725,677.353203490937,176,41,-135
"130","2000-10",0.0537126444601139,871.497333299586,1378.2041616605,525,0,-525
"131","2000-11",0.0536837297956922,866.671152400694,2705.21068797097,1128,0,-1128
"132","2000-12",0.0536494461229037,1134.9295222929,5150.13651648431,1240,0,-1240
"133","2001-01",0.0536218348777549,1160.59632658281,5460.56149252208,1245,0,-1245
"134","2001-02",0.0535943188807139,945.263681989094,5084.56396577621,1050,0,-1050
"135","2001-03",0.0535577204817706,945.771076292829,4441.68955053554,884,0,-884
"136","2001-04",0.0535097932848292,812.692319357485,3114.4841698644,546,0,-546
"137","2001-05",0.0534585448287446,821.051683212104,2037.58911073332,324,2,-322
"138","2001-06",0.0533938397721587,898.068501262629,1097.28722552973,75,85,10
"139","2001-07",0.0533247167367769,1156.88101105601,756.296355327433,0,231,231
"140","2001-08",0.0532455257441838,1149.77309767024,620.589751491252,8,138,130
"141","2001-09",0.0531567259361121,1048.99382498316,690.5701746485,123,23,-100
"142","2001-10",0.0530903246469391,912.751909618717,998.268980357049,509,0,-509
"143","2001-11",0.053006344497036,848.826419801783,2094.25894924954,786,0,-786
"144","2001-12",0.0529229449723963,1050.00192592579,4194.6489788589,1156,0,-1156
"145","2002-01",0.0528410017504509,1110.18332714843,5172.80881783734,1210,0,-1210
"146","2002-02",0.0527677873620181,1039.01680658233,4938.8140928306,1048,0,-1048
"147","2002-03",0.0527113399449093,997.463566417618,4261.33121843398,1036,0,-1036
"148","2002-04",0.0526546003076411,838.94345508183,2015.35672195383,519,0,-519
"149","2002-05",0.0526009463462361,874.192502073957,1275.79355475752,349,9,-340
"150","2002-06",0.0525491085610834,986.719783954389,656.497426430578,30,145,115
"151","2002-07",0.0525098253775641,1252.675589075,636.475241938286,0,252,252
"152","2002-08",0.0524745343500587,1202.22995322494,623.536561238213,10,119,109
"153","2002-09",0.0524431694405864,1065.7223779915,868.744036161038,180,40,-140
"154","2002-10",0.0524243494201588,930.24907858993,2400.98647122007,668,0,-668
"155","2002-11",0.0524207760001327,958.468473340175,3782.1946138657,933,0,-933
"156","2002-12",0.0524395034321723,1071.82540698067,4752.47927281543,1115,0,-1115
"157","2003-01",0.0524672618483311,1082.17341073161,4412.75344366884,1004,0,-1004
"158","2003-02",0.0525083986954535,997.036335885948,4876.25807392979,1084,0,-1084
"159","2003-03",0.0525446292659002,972.59856071195,3575.15793301411,854,0,-854
"160","2003-04",0.0525677429249295,854.533959892745,2111.56891198066,536,0,-536
"161","2003-05",0.0525786891654476,866.388043834448,1371.37322911051,323,16,-307
"162","2003-06",0.0525433647778015,953.70788293121,924.734855278192,132,12,-120
"163","2003-07",0.0524924744745484,1276.96010997109,667.520177926118,0,268,268
"164","2003-08",0.0524361946439316,1312.55787651825,651.734972472292,9,184,175
"165","2003-09",0.0523795005567833,1095.22975521301,1096.56651143821,226,4,-222
"166","2003-10",0.0523177787998304,941.841784333064,1395.77717811209,399,0,-399
"167","2003-11",0.0522547456252715,962.655215317409,3861.55969595748,928,0,-928
"168","2003-12",0.0521988420864008,1127.79965244603,4995.22797948187,1099,0,-1099
"169","2004-01",0.0521415517896149,1099.48867927382,4883.50749758053,1171,0,-1171
"170","2004-02",0.0521169537703873,1030.59144762669,4672.16448749928,1103,0,-1103
"171","2004-03",0.0521136253475781,945.046080240279,2726.54456887619,694,0,-694
"172","2004-04",0.0521172804271365,869.442665641367,2100.73795280721,573,0,-573
"173","2004-05",0.0521375451124963,883.035391282079,1181.73680318283,276,5,-271
"174","2004-06",0.0521887598439069,966.350455167221,837.794079287308,123,31,-92
"175","2004-07",0.0522597777479611,1137.67051182033,676.063316533834,32,110,78
"176","2004-08",0.052348328062837,1157.11737375019,688.603831379727,63,54,-9
"177","2004-09",0.0524610677320291,1052.10022145919,944.09920737007,177,20,-157
"178","2004-10",0.0525933176084354,931.073439953136,1793.4933815172,506,0,-506
"179","2004-11",0.0527620974643301,948.825855162977,3660.5286895904,902,0,-902
"180","2004-12",0.0529598383401494,1134.87636490697,4584.68891691789,1127,0,-1127
"181","2005-01",0.0531810410593841,1141.45271554154,4851.74212334866,1081,0,-1081
"182","2005-02",0.0534009823542768,968.315723986853,3896.33802393976,925,0,-925
"183","2005-03",0.053586708864446,983.234466670654,3625.81230427756,881,0,-881
"184","2005-04",0.0537316198193518,912.420382427044,2449.98517673959,620,0,-620
"185","2005-05",0.0538450399858136,879.102866581169,1367.68206721843,342,12,-330
"186","2005-06",0.0539397482112149,1029.10275289501,748.889602730112,116,65,-51
"187","2005-07",0.054002758077372,1348.73621157643,669.64442377647,4,227,223
"188","2005-08",0.0540415577758011,1271.58037512719,673.260180873416,17,90,73
"189","2005-09",0.0540520328769702,1100.80350792527,743.804684941435,134,35,-99
"190","2005-10",0.0540396135933794,947.908401624259,1795.18417126655,496,3,-493
"191","2005-11",0.0540245022383503,935.863372702201,3124.26512036477,783,0,-783
"192","2005-12",0.0539719745075378,1175.31310602193,5292.18445090632,1203,0,-1203
"193","2006-01",0.0539040708444021,1109.73043159487,4046.53738444106,984,0,-984
"194","2006-02",0.0538499776316535,1004.30062276457,4323.48387904396,1013,0,-1013
"195","2006-03",0.0538213905921371,1038.29254854576,3682.64860816919,885,0,-885
"196","2006-04",0.0538006595650991,895.287744621685,1909.63254509213,495,0,-495
"197","2006-05",0.0537979738399041,914.185347153273,1059.58885641688,266,11,-255
"198","2006-06",0.0538008268054494,1167.10765009031,629.659619984732,18,104,86
"199","2006-07",0.0538146712240019,1308.55590086154,656.186711587259,4,216,212
"200","2006-08",0.0538477429237629,1305.41459085453,624.010089954776,20,110,90
"201","2006-09",0.0538867847271705,1041.71645306768,977.9258264855,303,0,-303
"202","2006-10",0.0539500547118526,920.429798145555,1966.60949159888,577,0,-577
"203","2006-11",0.0540339177333771,968.229228790874,3264.44551977014,802,0,-802
"204","2006-12",0.0541236710873634,1164.73987656021,4391.04649298057,1140,0,-1140
"205","2007-01",0.0542388174783165,1275.07682058698,6333.4991321064,1403,0,-1403
"206","2007-02",0.0543531671741306,1036.25663550105,4335.07345784255,1007,0,-1007
"207","2007-03",0.054461663243578,989.108362604239,2811.82055515221,685,0,-685
"208","2007-04",0.0545496535905152,894.501534767379,2357.30039373494,634,0,-634
"209","2007-05",0.0546298742558752,925.287667718973,1250.72150914533,314,0,-314
"210","2007-06",0.054692053112648,1042.35090554097,688.685077742458,80,73,-7
"211","2007-07",0.0547364097501126,1355.43931276415,629.610502828589,0,211,211
"212","2007-08",0.0547687711432251,1333.65835953943,589.23321100274,3,185,182
"213","2007-09",0.0547904014014349,1133.76805600679,761.220919703436,132,29,-103
"214","2007-10",0.0548083802963197,968.550190958014,1531.7190294631,469,2,-467
"215","2007-11",0.0548143018872711,975.837507644208,3069.65202712254,776,0,-776
"216","2007-12",0.0548155382168606,1179.52804977623,5322.59560855978,1271,0,-1271
"217","2008-01",0.0548157543954906,1280.44475829921,5505.48163105904,1299,0,-1299
"218","2008-02",0.0547954763322261,1087.35406566863,4461.47216576874,1031,0,-1031
"219","2008-03",0.0547493427598972,1021.8386555598,3553.48134240604,863,0,-863
"220","2008-04",0.054687254576157,916.025513471221,2267.1479941143,659,0,-659
"221","2008-05",0.0545889004996445,915.776446147041,1273.53778212514,374,5,-369
"222","2008-06",0.0544690402690394,1025.76550256502,669.189517879478,94,45,-49
"223","2008-07",0.0543204087502218,1342.0439993426,627.115092376033,2,202,200
"224","2008-08",0.0541432488042597,1256.48222437572,731.824531821539,32,106,74
"225","2008-09",0.053945684080614,1028.18337012741,791.881358420892,207,4,-203
"226","2008-10",0.0537294303147313,935.950753626408,1762.17389031023,513,0,-513
"227","2008-11",0.0534935366890448,936.343351014443,2875.04831012883,755,0,-755
"228","2008-12",0.0532449129382595,1180.9440516066,5265.83580634102,1208,0,-1208
"229","2009-01",0.0529684571160141,1156.82427172931,4378.65243915703,1080,0,-1080
"230","2009-02",0.0527328936313681,977.144815947239,3521.73094845723,870,0,-870
"231","2009-03",0.0525259561469932,956.363845421405,2516.17078274713,819,0,-819
"232","2009-04",0.0523550716495293,915.225770776773,2556.41651389998,648,0,-648
"233","2009-05",0.0522102876649918,904.892456771824,1224.69011047443,290,2,-288
"234","2009-06",0.0520937662965719,947.727963878998,732.677169061334,131,32,-99
"235","2009-07",0.0520050616640075,1197.83754614984,624.365427105911,18,109,91
"236","2009-08",0.0519460371889794,1211.89490512406,624.773122838971,32,74,42
"237","2009-09",0.0519103236182722,1066.17366736725,821.702663999683,191,11,-180
"238","2009-10",0.0519092773487392,959.042085821868,2434.17227582513,745,0,-745
"239","2009-11",0.0519431544872447,978.109637628078,3234.38628036919,776,0,-776
"240","2009-12",0.0520219478230389,1203.34825437185,5491.06876323743,1353,0,-1353
"241","2010-01",0.0521267768804822,1223.10888137737,4943.66078125592,1172,0,-1172
"242","2010-02",0.0522228710984038,1023.15553528567,4490.47221379725,1092,0,-1092
"243","2010-03",0.0523121336254071,1049.91845826573,3379.42094346213,842,0,-842
"244","2010-04",0.052389164573217,913.03659938244,2355.60598043636,598,0,-598
"245","2010-05",0.0524552608097707,893.655084872872,1514.92657686673,419,9,-410
"246","2010-06",0.0525116852698162,1096.40897906164,685.626097633083,64,72,8
"247","2010-07",0.0525508389337139,1312.32802403797,617.798901971539,13,176,163
"248","2010-08",0.0525737805591832,1266.66374175644,669.150832944356,5,124,119
"249","2010-09",0.0525814211744581,1091.9513315742,703.314474460037,99,19,-80
"250","2010-10",0.0525785177683899,953.308457253466,1511.84042026722,445,0,-445
"251","2010-11",0.0525776940096964,979.025463606272,3523.81368099162,884,0,-884
"252","2010-12",0.0525692771582653,1107.28810202723,4102.09984052099,1026,0,-1026
"253","2011-01",0.0525448382572561,1198.60011895931,5116.35858938682,1216,0,-1216
"254","2011-02",0.0525351142662762,1049.4573741114,4552.90528652655,1088,0,-1088
"255","2011-03",0.052533764749056,999.722225747044,2888.72609174583,783,0,-783
"256","2011-04",0.0525236724241349,897.891866612346,2148.62987958527,620,0,-620
"257","2011-05",0.0525177207034833,879.076369904053,1353.68400642144,456,2,-454
"258","2011-06",0.0525170803297606,1024.02267955336,613.752642470154,74,58,-16
"259","2011-07",0.0525077832200651,1316.89604053598,540.325153866551,0,215,215
"260","2011-08",0.0525009895861036,1341.39302107878,537.262739869974,0,201,201
"261","2011-09",0.0524894755216583,1101.14924273794,676.393660431461,174,15,-159
"262","2011-10",0.0524882477926794,936.803382277462,1545.01868009244,520,0,-520
"263","2011-11",0.0524967024806998,963.883823049202,3202.88500767813,841,0,-841
"264","2011-12",0.0525077932430117,1150.40224349853,4729.68641394707,1216,0,-1216
"265","2012-01",0.05251984294066,1136.43547825298,4443.95050654847,1017,0,-1017
"266","2012-02",0.0525532723499727,1014.48028476084,4764.8912962841,1052,0,-1052
"267","2012-03",0.0525815512485834,954.414400811432,2469.48659278264,627,0,-627
"268","2012-04",0.052617688916426,854.042724422988,1251.90129544803,456,0,-456
"269","2012-05",0.0526613228577654,882.056046325803,793.479991595649,271,4,-267
"270","2012-06",0.052702622245488,1109.68935605237,518.725936422066,19,158,139
"271","2012-07",0.0527462866220017,1368.62451947394,506.471102739933,0,247,247
"272","2012-08",0.0527883951773112,1320.65593568194,507.676312205762,9,147,138
"273","2012-09",0.0528306091447894,1070.10841716032,670.266808461932,148,30,-118
"274","2012-10",0.0528836564929136,936.637819401539,1674.12647396581,559,0,-559
"275","2012-11",0.0529474238083143,928.108739392395,2660.40687512088,732,0,-732
"276","2012-12",0.0530222080739656,1071.64817963223,4208.81332477167,1151,0,-1151
"277","2013-01",0.0531062289505351,1181.68919143262,4786.77588615317,1219,0,-1219
"278","2013-02",0.0532077701565515,1011.84903082546,4069.11195030867,1047,0,-1047
"279","2013-03",0.0533094245360364,993.198596596385,3233.72260441522,878,0,-878
"280","2013-04",0.0534100054087516,893.781788504948,2529.63388593714,741,0,-741
"281","2013-05",0.0535217259689824,918.355228515304,1367.6197887996,341,7,-334
"282","2013-06",0.0536215182297257,1072.86160679754,742.757500754261,49,105,56
"283","2013-07",0.0537303849390086,1268.04422507055,543.579370949521,4,166,162
"284","2013-08",0.0538376682882055,1258.68286468392,539.738427925793,9,149,140
"285","2013-09",0.0539430816089613,1077.59346557236,648.2097446631,127,64,-63
"286","2013-10",0.0540561297085952,937.86224424578,1802.17300206657,602,0,-602
"287","2013-11",0.0541754520848291,933.24263273704,3001.9814602126,815,0,-815
"288","2013-12",0.0543124798286189,1127.81305889809,4863.22193588731,1222,0,-1222
"289","2014-01",0.0544520070909418,1152.53157609993,4748.93056032195,1153,0,-1153
"290","2014-02",0.0545985006449163,983.909114007932,4004.72056459666,1060,0,-1060
"291","2014-03",0.0547482524160295,963.90737984856,3155.02768273781,826,0,-826
"292","2014-04",0.0548943911513853,862.725223480795,1954.25502619062,597,0,-597
"293","2014-05",0.055034712332207,887.936979342088,1300.31103023916,343,4,-339
"294","2014-06",0.0551729140474821,997.566939069731,724.606525585691,76,38,-38
"295","2014-07",0.0553095032840206,1230.32022785427,660.795701583303,13,160,147
"296","2014-08",0.055432105462911,1168.28710837457,449.687676853822,23,83,60
"297","2014-09",0.0555555147651867,1018.48196958981,722.562697178508,128,17,-111
"298","2014-10",0.0556796826770681,906.350756837019,1413.01339359727,418,0,-418
"299","2014-11",0.0558080215103352,936.162504751269,3797.51274684475,909,0,-909
"300","2014-12",0.0559441184596755,1083.82104040142,4192.74327157251,1123,0,-1123
"301","2015-01",0.0560818985000087,1118.05297066176,4386.55721980016,1080,0,-1080
"302","2015-02",0.0562212676485284,932.649987510894,3337.45263123038,905,0,-905
"303","2015-03",0.0563429509026346,929.191148238671,2607.85155743656,702,0,-702
"304","2015-04",0.0564470649883361,827.381067024602,1720.31815539659,571,0,-571
"305","2015-05",0.0565364719883509,856.286046938518,1483.43621452435,438,0,-438
"306","2015-06",0.056611972505994,1026.92191754396,628.363006337233,32,73,41
"307","2015-07",0.0566692662564642,1192.99242928415,530.304938032761,14,119,105
"308","2015-08",0.0567087481734533,1261.57894656524,483.190657999446,18,136,118
"309","2015-09",0.0567356992414093,1045.96677236151,587.0022330194,59,40,-19
"310","2015-10",0.0567478629645575,938.620397404443,1162.45970749442,372,0,-372
"311","2015-11",0.0567602519068921,928.13282683912,3239.72464707697,860,0,-860
"312","2015-12",0.0567552742216585,1105.91785598786,4505.60370357378,1164,0,-1164
"313","2016-01",0.0567551137966628,1126.68905465832,4435.93771206171,1173,0,-1173
"314","2016-02",0.0567663359738574,944.000575744822,3439.0117896701,891,0,-891
"315","2016-03",0.0567833542035609,932.146627940148,2862.60275812726,787,0,-787
"316","2016-04",0.0568071456344484,837.121831250179,2072.60595837983,603,0,-603
"317","2016-05",0.056837721172111,885.479763326461,1297.17405927216,406,0,-406
"318","2016-06",0.0568765747797375,1112.59552216696,581.797647113503,24,110,86
"319","2016-07",0.0569179226669466,1341.65982389748,507.289682488008,1,196,195
"320","2016-08",0.0569675628112035,1234.60936848118,541.422717411521,26,91,65
"321","2016-09",0.0570254877731568,1019.46604326325,635.729314088613,102,30,-72
"322","2016-10",0.0570893877441292,864.73406273248,1195.84197406688,320,0,-320
"323","2016-11",0.0571725241856533,864.391113811225,2278.14690922596,691,0,-691
"324","2016-12",0.0572698914308682,1097.14458186391,4352.639941149,1203,0,-1203
"325","2017-01",0.0573725599553846,1132.69724003969,4467.54204004369,1190,0,-1190
"326","2017-02",0.0574771810124862,895.60668174132,2881.07959353285,794,0,-794
"327","2017-03",0.0575652592062866,920.319238217113,2320.17941175014,645,0,-645
"328","2017-04",0.0576387526283572,813.867576312598,1733.08542136588,574,0,-574
"329","2017-05",0.0576937793676716,880.587825222232,1226.94321277956,379,0,-379
"330","2017-06",0.0577337606579449,1075.60141048626,578.204179029406,43,66,23
"331","2017-07",0.0577545462347129,1314.61031676889,519.313892627937,0,202,202
"332","2017-08",0.0577588181950069,1215.18661903157,554.635585021274,19,64,45
"333","2017-09",0.0577501463450171,1031.60604160516,693.63087197519,172,43,-129
"334","2017-10",0.057728785675412,882.838078374211,1692.7151466032,540,0,-540
"335","2017-11",0.0577018437142071,868.239819759266,2435.25513394781,665,0,-665
"336","2017-12",0.0576674711392458,1049.09016049045,4093.71556393884,1051,0,-1051
