"","Date","Real GDP per capita (millions of chained 2012 dollars per person)","Electricity Sale to Residential Consumers per capita (MJ/person)","Natural Gas Deliveries to Residential Consumers per capita (MJ/person)","HDD","CDD","DD"
"1","1990-01",0.0256146668745302,1530.89344463298,2722.03458959883,496,0,-496
"2","1990-02",0.0255787634180682,1069.71045276098,1974.30306356109,336,3,-333
"3","1990-03",0.0255412999092093,1100.77129444322,1687.25595249761,274,14,-260
"4","1990-04",0.0254834279724424,1010.61882859316,1067.03591419295,172,29,-143
"5","1990-05",0.0254356176861921,1145.65375331944,629.403221641909,34,153,119
"6","1990-06",0.0253855984093976,1554.57924424167,523.835798379648,0,355,355
"7","1990-07",0.0253380053849063,1981.83898049469,483.22604388927,0,451,451
"8","1990-08",0.0252899096616945,1906.73295920572,479.997484149487,0,450,450
"9","1990-09",0.0252433783741047,1716.45496246643,492.172959935991,16,296,280
"10","1990-10",0.0252005295080945,1226.73813389909,883.563826230204,125,88,-37
"11","1990-11",0.0251735789566793,1056.05186682631,1501.81299361477,286,4,-282
"12","1990-12",0.0251508796159005,1256.91735473662,2558.15455698313,488,1,-487
"13","1991-01",0.0251349076526515,1391.55836891737,3042.40045804837,627,0,-627
"14","1991-02",0.0251245677128416,1215.41553650061,2191.26009353108,454,3,-451
"15","1991-03",0.0251297094360164,1151.3646074154,1785.35596796145,304,18,-286
"16","1991-04",0.0251387240879065,1007.07567116845,841.186075195141,82,71,-11
"17","1991-05",0.0251485338222578,1196.26910496553,618.992316318808,9,229,220
"18","1991-06",0.0251585294044695,1562.59450062323,505.014104256276,0,313,313
"19","1991-07",0.0252001363046712,1899.78587548438,486.584619483718,0,448,448
"20","1991-08",0.0252484747802207,1873.52974038897,482.571602063127,0,384,384
"21","1991-09",0.0253072171652639,1566.23767928014,469.904933059816,18,260,242
"22","1991-10",0.0253809950351985,1148.0745774887,782.836951997964,107,54,-53
"23","1991-11",0.02547292473934,1121.03319554156,2019.42958856065,445,5,-440
"24","1991-12",0.0255851572276664,1276.91438511169,2554.99273904714,513,9,-504
"25","1992-01",0.0257098487099958,1486.43577966895,3092.40976985842,647,0,-647
"26","1992-02",0.0258281154337938,1274.61076854438,2341.14833178092,433,0,-433
"27","1992-03",0.0259338486623359,1126.85895849234,2053.96820160736,379,6,-373
"28","1992-04",0.0260232539859849,1111.82877992418,1181.8696385266,191,42,-149
"29","1992-05",0.0261032626229425,1127.64101147869,756.257740567319,58,107,49
"30","1992-06",0.0261718890027908,1347.94467447499,565.730695949434,4,264,260
"31","1992-07",0.0262317709100501,1891.1000428365,506.233512259293,0,443,443
"32","1992-08",0.0262763551996755,1810.88501398391,475.058515499435,0,326,326
"33","1992-09",0.0263165540738153,1474.96288746404,510.737787085376,9,236,227
"34","1992-10",0.0263497545551069,1122.35866929335,838.93405167892,158,12,-146
"35","1992-11",0.0263801945758192,1080.03552497309,2050.25937404765,389,10,-379
"36","1992-12",0.0264072899059974,1402.21839611985,2937.24913790791,631,0,-631
"37","1993-01",0.0264258492721871,1399.95587727405,2837.94050693313,537,1,-536
"38","1993-02",0.0264617482724724,1245.1589263046,2854.11874353449,588,0,-588
"39","1993-03",0.0265100947313999,1285.94566693013,2470.24844974518,481,3,-478
"40","1993-04",0.0265645168664927,1052.76007644442,1461.14421411678,233,9,-224
"41","1993-05",0.0266293353254129,1160.45427429258,698.521833017877,26,131,105
"42","1993-06",0.0267021716043746,1696.93478929907,487.458152064363,0,351,351
"43","1993-07",0.0267846015240361,2346.66177674771,474.320332268245,0,544,544
"44","1993-08",0.0268743410787123,2131.67447888593,459.417958881674,0,447,447
"45","1993-09",0.0269776307848713,1711.38882005649,452.85910246651,10,297,287
"46","1993-10",0.027093019140024,1130.39586818272,956.929541851619,140,48,-92
"47","1993-11",0.0272268143469399,1127.08636572315,1800.14902020854,411,13,-398
"48","1993-12",0.027374628235956,1393.0911340728,3184.82523623967,662,0,-662
"49","1994-01",0.027534060340545,1710.76667797753,3694.75068866197,798,0,-798
"50","1994-02",0.0276903471500789,1271.21868765247,2587.34260104835,465,2,-463
"51","1994-03",0.0278295698742644,1143.21269653091,1857.85584786512,323,9,-314
"52","1994-04",0.0279458811942953,1071.28772262745,815.934955636984,110,72,-38
"53","1994-05",0.028057862250719,1206.55694220027,681.839154868272,49,103,54
"54","1994-06",0.0281520088688934,1633.9004810243,502.048366799462,0,361,361
"55","1994-07",0.0282326190129449,1884.78941495607,460.792668802166,0,372,372
"56","1994-08",0.0283000460507471,1815.82642834611,481.450367964066,0,342,342
"57","1994-09",0.0283547503508987,1460.34832133735,445.255956310685,5,186,181
"58","1994-10",0.0284001738519057,1149.36284509435,820.92754432403,129,30,-99
"59","1994-11",0.0284399603275435,1079.28500835637,1437.40035503342,259,6,-253
"60","1994-12",0.0284711647400266,1300.52594309891,2411.04206868809,517,1,-516
"61","1995-01",0.0284924201755859,1529.95977141713,3084.23755746222,644,0,-644
"62","1995-02",0.0285385560020889,1299.15600873464,2855.24478630895,576,1,-575
"63","1995-03",0.0286073886463557,1175.97223198947,1598.39128144939,267,7,-260
"64","1995-04",0.0286904692284476,1024.76452401625,909.689848044016,134,51,-83
"65","1995-05",0.0287992810088124,1341.76870539571,597.062824820575,25,207,182
"66","1995-06",0.0289237694142424,1682.77896412053,482.428995992677,1,279,278
"67","1995-07",0.0290667045318503,2154.04699808214,450.903216188246,0,472,472
"68","1995-08",0.0292309600023346,2249.99335818097,449.769491805319,0,465,465
"69","1995-09",0.0294121852191121,1586.4480229015,496.59586798799,17,210,193
"70","1995-10",0.029615468073332,1204.79956294119,905.953263487096,130,69,-61
"71","1995-11",0.0298499107036604,1166.98566547086,2230.93786782526,502,4,-498
"72","1995-12",0.0301124021518325,1514.36603836955,3178.36887355404,688,0,-688
"73","1996-01",0.0304004972777304,1692.72848330763,3617.42470082362,732,0,-732
"74","1996-02",0.0306258999284285,1440.3855779951,2874.17162792352,570,2,-568
"75","1996-03",0.0307849629933126,1332.937209542,2649.54758392975,520,0,-520
"76","1996-04",0.0308762025061319,1138.11431990418,1461.66228694765,211,29,-182
"77","1996-05",0.0309071398699617,1464.14590104464,631.316064358207,34,233,199
"78","1996-06",0.030872024894795,1860.56743792292,459.528884919692,0,318,318
"79","1996-07",0.030774879325957,2194.73945471321,468.133759464867,0,433,433
"80","1996-08",0.0306111583523467,2025.87331250115,436.78645688309,0,366,366
"81","1996-09",0.0303872942645803,1577.35626978343,453.526284288857,9,203,194
"82","1996-10",0.0301064595454509,1184.73992241805,844.887717501322,144,36,-108
"83","1996-11",0.0297665345003059,1190.04803331993,2140.95621624886,443,5,-438
"84","1996-12",0.0293783108198808,1441.38093988506,2710.19834953,566,0,-566
"85","1997-01",0.028933488886312,1600.64289977042,3125.34737329123,613,0,-613
"86","1997-02",0.0287012064119068,1268.24086989349,2370.14455822976,441,4,-437
"87","1997-03",0.0286756675775091,1125.57097329757,1301.75195880904,182,25,-157
"88","1997-04",0.0288529498265707,1087.28594554617,1186.98007398613,235,15,-220
"89","1997-05",0.0292386044125371,1186.55624611043,552.588790754239,80,73,-7
"90","1997-06",0.0298262709184619,1423.18188256027,482.899203312622,16,225,209
"91","1997-07",0.0306165558835652,2206.35552970206,458.718743076451,0,434,434
"92","1997-08",0.0316020969786251,2073.83412333329,421.695169947263,0,342,342
"93","1997-09",0.0327912943244073,1683.57866973886,453.49075498026,2,244,242
"94","1997-10",0.0341847502921743,1301.68399549226,959.046903844489,158,67,-91
"95","1997-11",0.0357843146181744,1250.2904626682,2358.87845968767,494,0,-494
"96","1997-12",0.0375896250430075,1498.4916925687,2839.47576256455,637,0,-637
"97","1998-01",0.0395904924363852,1636.71640051566,2901.43874460045,561,3,-558
"98","1998-02",0.0414144897819462,1313.78905236445,2587.18115124512,486,0,-486
"99","1998-03",0.0430534164085631,1325.29912522184,2336.89540237759,436,12,-424
"100","1998-04",0.0444920118863971,1134.40662974244,1145.69855174091,167,21,-146
"101","1998-05",0.045744953538124,1466.95605964022,506.747785666653,19,245,226
"102","1998-06",0.0468109089103816,2244.41003589228,454.154984797268,2,422,420
"103","1998-07",0.0476915407820657,2521.63794530346,421.231613625324,0,499,499
"104","1998-08",0.0483832708897945,2207.31162648876,402.214133042097,0,409,409
"105","1998-09",0.0488971425501696,1827.47099084348,407.285687862376,0,311,311
"106","1998-10",0.049233415662776,1455.69680934503,609.195784697004,83,78,-5
"107","1998-11",0.0493961616092957,1105.00880772997,1328.97813680796,249,8,-241
"108","1998-12",0.0493893316904365,1331.51840308206,2117.76143928563,460,4,-456
"109","1999-01",0.049199022788786,1664.0136174241,2649.70718861996,561,1,-560
"110","1999-02",0.0490429060664964,1228.79466389758,2104.86375347822,459,0,-459
"111","1999-03",0.0488984364337113,1377.76078213485,1735.29363913016,465,0,-465
"112","1999-04",0.0487512296290155,1261.57778934398,766.970703729751,104,94,-10
"113","1999-05",0.0486136775467999,1349.61867401395,266.078000330886,29,112,83
"114","1999-06",0.0484837601470896,1772.81855365147,233.867009929555,0,292,292
"115","1999-07",0.0483646276429754,2283.5173951265,307.8805504212,0,442,442
"116","1999-08",0.0482548808005284,2614.62638121209,324.938170121043,0,482,482
"117","1999-09",0.0481605162678516,1883.25069320361,522.282806419803,14,211,197
"118","1999-10",0.0480813418135868,1246.21854001344,817.997362000143,143,45,-98
"119","1999-11",0.048026008505611,1121.36396687615,1448.01422155537,279,4,-275
"120","1999-12",0.0479913820100169,1502.69960966766,2518.70755116594,613,0,-613
"121","2000-01",0.0479655247513867,1737.36486708401,3567.45807654863,678,0,-678
"122","2000-02",0.047951158388847,1610.11858915683,2348.89252732446,467,0,-467
"123","2000-03",0.0479316444787574,1195.63375012417,1479.44302688108,274,5,-269
"124","2000-04",0.0478948616925385,1138.77556906181,1116.68453604722,207,7,-200
"125","2000-05",0.0478680233204523,1418.04921604571,634.613361042165,5,212,207
"126","2000-06",0.0478305929070943,1923.33947180925,503.098523996824,3,333,330
"127","2000-07",0.0477803718053375,2270.61998836847,493.363306918521,0,444,444
"128","2000-08",0.0477314376526544,2172.25189276186,499.336981987842,0,404,404
"129","2000-09",0.0476756119490944,1698.04115254411,540.925546737944,20,197,177
"130","2000-10",0.0476182500058277,1272.44650117613,866.003052271431,114,27,-87
"131","2000-11",0.0475650646770909,1248.25471279707,2058.68338417212,429,12,-417
"132","2000-12",0.0475078213840083,1798.05629444882,4412.49999900208,865,0,-865
"133","2001-01",0.0474562636107068,2082.85010925954,3627.91237619913,764,0,-764
"134","2001-02",0.0474085046126295,1461.11583533993,2102.41950954508,412,2,-410
"135","2001-03",0.0473569856740094,1325.5526704839,2147.8898595238,459,2,-457
"136","2001-04",0.0472998099279509,1265.69901027583,894.571303266551,141,57,-84
"137","2001-05",0.0472434295075193,1325.34551895773,591.092924835813,16,132,116
"138","2001-06",0.0471795411839223,1639.92252383632,455.764086259443,0,280,280
"139","2001-07",0.0471154447073923,2105.22433813845,451.257584377029,0,401,401
"140","2001-08",0.0470464996286237,2193.23524330016,454.234763774844,0,407,407
"141","2001-09",0.0469730394722704,1767.77586722847,476.679191942232,34,195,161
"142","2001-10",0.0469210454052774,1261.55039653964,1010.5769775093,203,31,-172
"143","2001-11",0.0468579954583058,1188.37954757727,1070.33926376164,226,10,-216
"144","2001-12",0.0467986293085,1362.99819494435,2128.9615325024,471,0,-471
"145","2002-01",0.0467436454132589,1843.4599479643,2897.04945964853,627,1,-626
"146","2002-02",0.04669639437291,1447.81718378668,2347.38097168107,549,1,-548
"147","2002-03",0.0466634050912745,1436.48931822892,1752.98882295915,375,19,-356
"148","2002-04",0.0466307952402694,1274.35215060552,737.482878321533,88,96,8
"149","2002-05",0.0466012875287941,1423.30906248511,606.784945474834,60,162,102
"150","2002-06",0.0465738185011351,1821.13731974242,469.698373682183,0,311,311
"151","2002-07",0.046557077381483,2254.30927771467,453.948871391868,0,457,457
"152","2002-08",0.0465440552237566,2347.16650788065,439.865948854008,0,431,431
"153","2002-09",0.0465346416618435,1968.21009651955,454.125681351557,1,308,307
"154","2002-10",0.0465357751032917,1510.38292356334,671.873734771744,86,115,29
"155","2002-11",0.0465495730993,1306.19008221493,1953.66887534669,459,4,-455
"156","2002-12",0.0465816752528508,1741.33210936192,3162.81029342924,680,0,-680
"157","2003-01",0.0466212007021711,2012.85413387825,3707.53234487429,800,0,-800
"158","2003-02",0.0466848765852509,1729.83950843119,2571.39193224285,541,0,-541
"159","2003-03",0.046757737722143,1411.67886945949,1514.90864676343,278,7,-271
"160","2003-04",0.0468330044907905,1194.23054639423,901.603519551358,151,23,-128
"161","2003-05",0.046911327177423,1354.38237293546,579.396571063715,14,142,128
"162","2003-06",0.0469648300063376,1634.63775098341,471.677446041872,0,278,278
"163","2003-07",0.0470182837995898,2139.45197776901,450.586863522152,0,384,384
"164","2003-08",0.0470798171518594,2210.33578730335,419.208546493459,0,413,413
"165","2003-09",0.0471533584810695,1925.36009261916,444.271360448358,13,210,197
"166","2003-10",0.0472350147129987,1299.31501184573,690.513018148979,120,26,-94
"167","2003-11",0.0473277070741294,1173.88012546671,1251.08694988827,258,29,-229
"168","2003-12",0.047438281736072,1768.64160645168,3076.83051157702,704,0,-704
"169","2004-01",0.0475596625997864,2018.95001652014,3265.73412893263,692,0,-692
"170","2004-02",0.0476871796866268,1795.55525101468,2866.70930863471,635,0,-635
"171","2004-03",0.0478113904517333,1470.74155554381,1298.89429645911,270,9,-261
"172","2004-04",0.0479204029469787,1252.25566493135,865.695274981046,175,36,-139
"173","2004-05",0.0480221644920812,1498.53900056738,557.159846116306,29,245,216
"174","2004-06",0.0481285996210994,2002.44835798376,489.985671280588,0,345,345
"175","2004-07",0.0482304515752124,2316.92719059893,430.645028029411,0,417,417
"176","2004-08",0.0483258425260061,2196.31486737807,445.456805446281,0,344,344
"177","2004-09",0.0484203272474254,1747.56212311873,458.657613620092,4,204,200
"178","2004-10",0.0485100390029055,1392.09677105755,561.99898154308,51,74,23
"179","2004-11",0.0486091101605593,1227.61309503649,1280.690508985,311,25,-286
"180","2004-12",0.0487112335365298,1731.76491807477,2830.35942374937,846,3,-843
"181","2005-01",0.0488118444672837,1867.12293265426,2592.13264293016,565,0,-565
"182","2005-02",0.0489150049139583,1670.31804117347,2127.96340247418,486,1,-485
"183","2005-03",0.0489935305633936,1542.93846632322,1903.90340219073,461,0,-461
"184","2005-04",0.049042069500549,1257.19661863589,895.639469630771,192,5,-187
"185","2005-05",0.0490683149086209,1317.81778468904,602.35594807844,69,91,22
"186","2005-06",0.049082707382724,1782.63828934235,467.90284476505,3,294,291
"187","2005-07",0.0490746548731498,2314.63370463564,431.6909373422,0,444,444
"188","2005-08",0.0490502710593679,2354.11696769148,439.661347241744,0,439,439
"189","2005-09",0.0490062255796436,2104.79311227598,427.209993381493,0,306,306
"190","2005-10",0.0489469388995945,1605.39053277918,735.498230759082,140,106,-34
"191","2005-11",0.0488887515857636,1281.58316944872,1360.96608206988,327,7,-320
"192","2005-12",0.0488035829477779,1801.87090402191,2816.53365514874,722,0,-722
"193","2006-01",0.0487092732196649,1801.60749108708,2087.06476194487,481,0,-481
"194","2006-02",0.0486183753518822,1527.6679816858,2244.2019967452,560,0,-560
"195","2006-03",0.0485403431522641,1463.91544019471,1448.83255336204,349,9,-340
"196","2006-04",0.0484610078533885,1315.12652477265,622.147400848342,67,82,15
"197","2006-05",0.0483885996902749,1418.5457493058,520.056927362385,45,164,119
"198","2006-06",0.0483131381257491,1987.45184026915,424.352341833383,0,336,336
"199","2006-07",0.0482390526839673,2444.06313134852,403.414128016714,0,469,469
"200","2006-08",0.0481729507723349,2553.76529316463,395.64669495356,0,486,486
"201","2006-09",0.0481043098655411,2024.97997157138,425.292622296018,15,206,191
"202","2006-10",0.0480476667693726,1450.00278249059,801.633122876573,181,46,-135
"203","2006-11",0.0480001112777051,1373.16410810746,1462.4656347783,372,3,-369
"204","2006-12",0.0479500469036712,1671.53973792164,1945.28239877048,476,2,-474
"205","2007-01",0.0479128532306325,1822.8179337198,2435.45947758253,571,0,-571
"206","2007-02",0.0478749764466553,1821.16426574339,2360.28253561275,590,0,-590
"207","2007-03",0.0478323983656942,1498.98252895174,1111.48230558747,228,18,-210
"208","2007-04",0.0477736942848924,1292.43739680632,945.135728821905,205,27,-178
"209","2007-05",0.0477087973332122,1457.42054782539,497.478547503204,15,146,131
"210","2007-06",0.0476297441473548,1997.55392948537,413.692066866141,0,360,360
"211","2007-07",0.0475367435046336,2188.24212911985,404.752095725539,0,387,387
"212","2007-08",0.0474343072269225,2578.3690935829,383.301729641654,0,550,550
"213","2007-09",0.0473233991351532,2095.82941403389,400.531417194991,0,289,289
"214","2007-10",0.0472094180735334,1555.5214780262,552.669699327221,84,113,29
"215","2007-11",0.0470858973416179,1330.81594090124,1395.38451260301,384,1,-383
"216","2007-12",0.0469584374855727,1590.04131859245,1796.56794458948,447,0,-447
"217","2008-01",0.0468297702792552,1975.11636239644,2797.39854139319,708,0,-708
"218","2008-02",0.0466870057306841,1675.42732855227,1956.4262297337,491,0,-491
"219","2008-03",0.0465260965221072,1430.46253930088,1427.01017907957,366,2,-364
"220","2008-04",0.046354542543683,1257.80467298415,778.632644824196,139,28,-111
"221","2008-05",0.0461570661470711,1406.22027409787,482.769527523923,15,151,136
"222","2008-06",0.0459448455330483,2046.8277526047,383.205254120824,0,396,396
"223","2008-07",0.0457124789898045,2281.39001788003,377.778167496368,0,424,424
"224","2008-08",0.0454602268353603,2255.03594634085,381.422193472681,0,402,402
"225","2008-09",0.0451942275927935,1867.59022015339,385.815090194723,2,249,247
"226","2008-10",0.0449158083096889,1361.29099383926,755.233804857047,178,46,-132
"227","2008-11",0.0446243124792012,1345.7236432234,1595.0451337145,469,2,-467
"228","2008-12",0.0443249183568902,1732.46372718647,1987.75363827975,495,0,-495
"229","2009-01",0.0440064967751432,1905.92565348467,2516.86687545453,662,0,-662
"230","2009-02",0.0437414342891327,1649.55441409061,1990.40635453517,529,0,-529
"231","2009-03",0.0435204098730674,1443.33552818881,1386.72896223191,343,3,-340
"232","2009-04",0.0433487157402517,1227.86404878315,812.884613630602,178,31,-147
"233","2009-05",0.043218883623174,1391.51518851863,471.643084244094,17,173,156
"234","2009-06",0.0431324326698557,1889.78182201451,366.265378972755,0,406,406
"235","2009-07",0.0430890081780312,2358.90635421136,365.331454098728,0,375,375
"236","2009-08",0.0430900155763328,2193.59652408155,379.665520632629,0,398,398
"237","2009-09",0.0431308030384365,1770.3988599128,383.666646264999,8,246,238
"238","2009-10",0.0432199369512268,1387.87155336209,697.708837377774,159,52,-107
"239","2009-11",0.0433578433944718,1219.73480195568,1187.3347492783,331,0,-331
"240","2009-12",0.0435523567881343,1761.85000565827,2489.58166537603,659,0,-659
"241","2010-01",0.0437896729464106,2358.24092642552,3267.60835695744,797,0,-797
"242","2010-02",0.0440077222048526,1924.20005987205,2768.07860745272,708,0,-708
"243","2010-03",0.0442075571208506,1707.47419037964,1810.96049983822,454,0,-454
"244","2010-04",0.0443846859814442,1284.68877647788,620.160565280262,87,29,-58
"245","2010-05",0.044539757294287,1454.27628996583,449.808662315546,13,231,218
"246","2010-06",0.0446734574004063,2137.67841558219,369.591398757018,0,444,444
"247","2010-07",0.0447796636340656,2584.53476862697,359.130402261944,0,514,514
"248","2010-08",0.0448589773752286,2575.13257978719,364.784945583053,0,513,513
"249","2010-09",0.0449119572377778,2127.28086378739,376.966039279807,2,312,310
"250","2010-10",0.0449422264807735,1421.89709628436,550.768091378938,102,44,-58
"251","2010-11",0.0449596140716954,1260.60833522616,1254.94061955341,349,1,-348
"252","2010-12",0.0449566235859523,1979.78791825667,3202.48792184691,839,0,-839
"253","2011-01",0.0449267618604089,2300.10013524593,3152.30075268493,784,0,-784
"254","2011-02",0.0449081384238187,1743.10049440521,1856.52975782605,449,1,-448
"255","2011-03",0.0448958305765958,1361.10624680673,1256.98616493125,309,10,-299
"256","2011-04",0.0448765294517887,1281.47136638,594.819745023859,99,78,-21
"257","2011-05",0.0448602874516624,1465.91042707947,483.866811387277,54,202,148
"258","2011-06",0.0448480277886313,2128.82678757695,370.930390026621,0,440,440
"259","2011-07",0.044828892450454,2452.63040457164,356.587549101702,0,510,510
"260","2011-08",0.0448115724833252,2470.8063270943,362.305392409467,0,501,501
"261","2011-09",0.0447904514089563,1928.02737008987,390.267786495257,2,221,219
"262","2011-10",0.044777198771997,1280.47788146968,719.621509932585,170,15,-155
"263","2011-11",0.044771337507364,1222.46055626603,1216.06367518732,322,6,-316
"264","2011-12",0.0447673788362364,1560.12227556747,1737.8092017428,479,1,-478
"265","2012-01",0.0447640066498686,1753.1870082247,2050.47503925733,520,0,-520
"266","2012-02",0.0447750457790436,1449.51998211102,1572.03901403394,420,3,-417
"267","2012-03",0.0447798683861631,1350.05845986201,780.443052727002,118,54,-64
"268","2012-04",0.0447885907938978,1237.68603554096,563.815979808678,99,73,-26
"269","2012-05",0.0448009383838164,1515.07390143798,415.549379824368,6,235,229
"270","2012-06",0.0448092841091887,1814.70905710961,367.845844098136,1,305,304
"271","2012-07",0.0448172989041442,2319.95079692878,344.276865004823,0,505,505
"272","2012-08",0.0448219599476011,2111.49195567027,370.037655651469,0,374,374
"273","2012-09",0.0448245867150744,1767.55678873583,376.470919764895,5,233,228
"274","2012-10",0.0448335456520362,1296.71142823501,636.162066734727,123,46,-77
"275","2012-11",0.0448487843058235,1338.46044750648,1411.382591747,422,0,-422
"276","2012-12",0.0448705734255834,1536.25094570596,1758.10670461474,463,0,-463
"277","2013-01",0.0448975754084012,1694.59650237268,1990.03088730653,473,5,-468
"278","2013-02",0.0449390256391523,1556.11722215537,2065.54769969518,529,0,-529
"279","2013-03",0.0449814392432311,1558.4888642994,1935.27806799699,520,0,-520
"280","2013-04",0.0450239246223327,1245.06891550654,775.706312684334,151,36,-115
"281","2013-05",0.0450759796458145,1309.89368899871,560.751561433432,59,121,62
"282","2013-06",0.0451197345776662,1780.40440008037,390.491484755196,0,346,346
"283","2013-07",0.0451714942167227,1968.12832173459,382.532056152652,0,379,379
"284","2013-08",0.045223009938316,2017.13352309962,385.66940448343,0,368,368
"285","2013-09",0.0452740731529057,1775.65749170661,386.366843975328,1,239,238
"286","2013-10",0.0453320516923243,1337.90965462707,602.838429914527,112,60,-52
"287","2013-11",0.0453958907275396,1361.09792829751,1567.67057821674,432,5,-427
"288","2013-12",0.0454744253070379,1706.30076162055,2122.61052088714,521,8,-513
"289","2014-01",0.0455558799511905,2232.68980987312,3531.99477704187,862,0,-862
"290","2014-02",0.0456433073729359,1801.92061451172,2088.83176950864,500,0,-500
"291","2014-03",0.0457338534389298,1518.81496531585,1637.37961402826,427,0,-427
"292","2014-04",0.0458222336086145,1225.12874754651,767.466701514618,125,30,-95
"293","2014-05",0.0459067769875527,1403.06561744561,478.429545342068,35,192,157
"294","2014-06",0.0459903714984098,1816.58366709935,387.82013396724,0,371,371
"295","2014-07",0.0460734450187294,2065.81437997435,378.885742618588,0,394,394
"296","2014-08",0.0461464965299407,2074.97914054632,378.761610441049,0,409,409
"297","2014-09",0.0462209811048638,1826.87256767794,382.276330304713,1,287,286
"298","2014-10",0.0462969102191271,1350.89614464728,590.637893620577,108,77,-31
"299","2014-11",0.0463769696108253,1461.74354181186,1843.90937235879,505,1,-504
"300","2014-12",0.0464639867107024,1633.25210819303,1952.11846180225,492,0,-492
"301","2015-01",0.0465533448678943,1960.83448302545,2790.13480220823,689,0,-689
"302","2015-02",0.0466523315069214,1850.74542043715,2842.38391968717,690,0,-690
"303","2015-03",0.0467460930048719,1523.4896230802,1296.22853905644,262,8,-254
"304","2015-04",0.0468347254425759,1187.60624739548,588.092796389409,74,69,-5
"305","2015-05",0.0469204419357378,1415.30083478874,461.947756302759,13,209,196
"306","2015-06",0.0470038638415142,1868.07304593257,389.972829491513,0,405,405
"307","2015-07",0.0470816605254518,2268.72448990604,387.881899977384,0,484,484
"308","2015-08",0.0471541232694139,2190.63668999755,396.760534474033,0,416,416
"309","2015-09",0.0472253356134185,1718.06976443925,401.496981102768,5,239,234
"310","2015-10",0.0472935369446075,1304.90543285738,620.86490048282,98,39,-59
"311","2015-11",0.0473704182382826,1232.63740827611,1082.29665407567,239,26,-213
"312","2015-12",0.0474422867280107,1397.43934406762,1260.028326012,273,25,-248
"313","2016-01",0.04752648532424,1868.54691737124,2742.35188643237,703,0,-703
"314","2016-02",0.0476150603570544,1661.72791946287,2079.15798050357,499,0,-499
"315","2016-03",0.0477036768285559,1319.76134513828,1006.66036007865,217,25,-192
"316","2016-04",0.0477931348537477,1176.76277590022,680.001362050406,115,47,-68
"317","2016-05",0.0478834777570992,1379.82806556429,486.999979999675,32,163,131
"318","2016-06",0.047975920771222,1911.54770804438,395.374135663331,0,412,412
"319","2016-07",0.048065925970795,2371.0093812451,381.259817125668,0,523,523
"320","2016-08",0.0481581083882683,2289.6855586567,400.641482748827,0,491,491
"321","2016-09",0.0482525016401248,1981.23966686443,396.569337051508,0,388,388
"322","2016-10",0.0483473091600976,1422.14024183556,502.297009163365,32,144,112
"323","2016-11",0.048453110768935,1244.35400872735,1055.91777492834,270,16,-254
"324","2016-12",0.048565983782789,1579.53944624842,2024.20990767337,503,1,-502
"325","2017-01",0.0486788593243271,1653.40397981585,1880.70625168871,435,1,-434
"326","2017-02",0.048789311465661,1285.03797635643,1288.9218144556,314,2,-312
"327","2017-03",0.0488826096726765,1316.18186980127,1332.54732896737,310,18,-292
"328","2017-04",0.0489603129585784,1269.50529353884,592.817214858829,60,92,32
"329","2017-05",0.0490193215736889,1418.29722255584,512.466454093605,29,179,150
"330","2017-06",0.0490623661316046,1749.43380358901,425.913207402331,0,309,309
"331","2017-07",0.0490861339292872,2146.2972806878,408.045435981745,0,456,456
"332","2017-08",0.0490927704232277,2084.06106033018,418.837637997172,0,402,402
"333","2017-09",0.0490851326717911,1689.15072660399,424.116907204459,10,232,222
"334","2017-10",0.0490634303669954,1451.82494406389,693.64257644595,121,121,0
"335","2017-11",0.0490333432459296,1296.72142267639,1246.55714494773,315,10,-305
"336","2017-12",0.048993393885385,1636.09817007972,2297.58127004559,564,0,-564
