"","Date","Real GDP per capita (millions of chained 2012 dollars per person)","Electricity Sale to Residential Consumers per capita (MJ/person)","Natural Gas Deliveries to Residential Consumers per capita (MJ/person)","HDD","CDD","DD"
"1","1990-01",0.0232620900679219,2216.02630330719,4981.33262911456,898,0,-898
"2","1990-02",0.0232466235093577,1780.88637468621,3921.13715244252,827,0,-827
"3","1990-03",0.0232260396296366,1753.63411318008,3349.02871939663,666,10,-656
"4","1990-04",0.0231946590851999,1537.04580322198,2582.28489853874,474,28,-446
"5","1990-05",0.0231616612793522,1414.01034448948,1369.20268427099,205,5,-200
"6","1990-06",0.0231233594224839,1583.76696495585,771.923912045502,27,184,157
"7","1990-07",0.0230811664811548,2094.6243770784,589.537431207242,4,247,243
"8","1990-08",0.0230342097747265,1914.96577685424,603.386198831626,9,189,180
"9","1990-09",0.0229831302468978,2147.07395354456,712.787580276072,91,128,37
"10","1990-10",0.0229285867908134,1497.79740406684,1643.08493574789,387,6,-381
"11","1990-11",0.0228743006290626,1547.60804663915,2536.81172978111,551,0,-551
"12","1990-12",0.0228167479914561,1816.03606424023,4192.25479441746,996,0,-996
"13","1991-01",0.0227566865306268,2285.766256655,5592.52599999933,1222,0,-1222
"14","1991-02",0.0227150794644987,1960.72525200113,4302.83486361684,885,0,-885
"15","1991-03",0.0226948808603786,1775.2114868131,3618.59806741712,698,1,-697
"16","1991-04",0.0226925681290322,1513.7450961462,2057.35783765275,325,7,-318
"17","1991-05",0.0227071908969547,1483.11750880599,1083.65715912497,78,175,97
"18","1991-06",0.0227385308082675,2109.99388076272,610.335183989096,2,275,273
"19","1991-07",0.0227960786551788,2590.34529317378,564.17106219986,0,335,335
"20","1991-08",0.0228722955759291,2123.6050478722,565.8486426194,0,263,263
"21","1991-09",0.0229682806345187,2127.48686343823,749.396786904229,136,155,19
"22","1991-10",0.0230854417030905,1533.72660100172,1453.98145262681,289,21,-268
"23","1991-11",0.0232247461522703,1586.10627900467,3240.23545120977,794,0,-794
"24","1991-12",0.0233868852835774,2021.91213227948,4331.02406794755,960,0,-960
"25","1992-01",0.0235694768538235,2073.96361478422,4991.09413156743,1089,0,-1089
"26","1992-02",0.023735674907104,1906.80062588952,4212.12103367696,832,0,-832
"27","1992-03",0.0238836031645001,1739.00734373973,3625.6222918236,762,0,-762
"28","1992-04",0.0240120854243936,1617.35585699368,2692.63829813939,460,5,-455
"29","1992-05",0.0241232937952776,1442.62520037271,1447.96413778164,210,45,-165
"30","1992-06",0.0242166255879967,1511.22121408451,882.710928600637,51,96,45
"31","1992-07",0.0242929273418373,1814.87201532916,664.119174361384,1,228,227
"32","1992-08",0.0243501566410208,1764.15277474188,630.753085245747,24,115,91
"33","1992-09",0.0243917695260516,1663.40470341404,753.492286370692,112,79,-33
"34","1992-10",0.0244169678445155,1447.14496819012,1589.47890379005,401,3,-398
"35","1992-11",0.0244271113198959,1619.54245541425,3030.21600236843,690,0,-690
"36","1992-12",0.0244220334997773,2029.19947790377,4604.60773700549,1031,0,-1031
"37","1993-01",0.0244001106167489,2250.20539623339,5293.93140570808,1095,0,-1095
"38","1993-02",0.0243962802476151,1969.07994505644,4924.51682506897,1096,0,-1096
"39","1993-03",0.0244089627817805,1909.36426806449,4554.07911528601,888,0,-888
"40","1993-04",0.0244361253261107,1615.94624523669,2725.02453421171,483,0,-483
"41","1993-05",0.0244791041328394,1391.64518217698,1215.99852851854,121,38,-83
"42","1993-06",0.0245371321998327,1563.63597692259,825.473137883673,52,179,127
"43","1993-07",0.0246106908181006,2346.55252136371,596.019727275977,0,343,343
"44","1993-08",0.0246990498820285,2271.5012587955,584.034842541342,5,280,275
"45","1993-09",0.0248041737832022,1952.76169336068,758.147001011426,139,37,-102
"46","1993-10",0.0249256105790165,1392.24708607607,1788.89810087183,429,1,-428
"47","1993-11",0.0250653746201298,1581.02752664493,3130.23201136953,727,0,-727
"48","1993-12",0.0252221030048058,1997.9316277375,4589.11773969069,1058,0,-1058
"49","1994-01",0.0253950631098735,2397.33686479962,6674.68514990774,1404,0,-1404
"50","1994-02",0.0255546932346387,2113.58094282348,5313.60257610634,1078,0,-1078
"51","1994-03",0.0256965679405443,1819.76209722881,3902.80950374152,807,0,-807
"52","1994-04",0.0258188174272527,1573.92966487193,2425.44972083655,391,17,-374
"53","1994-05",0.0259273996620747,1385.26220988463,1349.2104286652,240,37,-203
"54","1994-06",0.0260179999103775,1805.32694792638,687.103418181642,14,250,236
"55","1994-07",0.0260920071201696,2457.44076388363,532.026086371346,0,264,264
"56","1994-08",0.0261495477812458,1967.78486704637,576.212477642415,17,156,139
"57","1994-09",0.0261907839811151,1814.80613168708,697.040512892045,85,76,-9
"58","1994-10",0.0262168403140826,1519.89675395027,1360.71683623042,305,5,-300
"59","1994-11",0.0262289081246887,1515.2823552335,2277.68311070112,548,0,-548
"60","1994-12",0.0262260521040057,2004.01918599353,3744.95183842123,882,0,-882
"61","1995-01",0.0262078441946665,2278.35307570381,5327.74572908981,1163,0,-1163
"62","1995-02",0.0262094849612859,1947.73078373778,5088.60147274221,1021,0,-1021
"63","1995-03",0.02623026385503,1782.48579407247,3637.62665200877,692,0,-692
"64","1995-04",0.0262674602779179,1531.01444140608,2430.69433700685,454,2,-452
"65","1995-05",0.0263247641085587,1454.42865219294,1370.85787148103,170,17,-153
"66","1995-06",0.0263989432754387,1668.84124946555,688.481895457779,11,215,204
"67","1995-07",0.0264908888057552,2579.4710721903,573.094875010174,4,326,322
"68","1995-08",0.0266015241810368,3059.97179482579,524.934844979795,0,411,411
"69","1995-09",0.026729455869005,2368.88037732378,673.193246213788,117,68,-49
"70","1995-10",0.0268763193954205,1400.71980580057,1276.72733457772,307,5,-302
"71","1995-11",0.0270450367057282,1658.59234812023,3392.70262790629,869,0,-869
"72","1995-12",0.0272346116455422,2127.99456482116,4978.29541043022,1185,0,-1185
"73","1996-01",0.0274442635967624,2424.39878229188,6175.34145859851,1253,0,-1253
"74","1996-02",0.0276051732490916,2106.65762326063,5349.34141006435,1027,0,-1027
"75","1996-03",0.0277161830614458,1910.94180468272,4619.80071860067,983,0,-983
"76","1996-04",0.0277768251030183,1646.98801504184,3109.66074184636,514,0,-514
"77","1996-05",0.0277895062488594,1490.62507469819,1647.71403845045,208,64,-144
"78","1996-06",0.0277523886014676,1768.72129835887,833.238234605873,12,193,181
"79","1996-07",0.02766675635682,2314.72834041594,590.647652455626,5,208,203
"80","1996-08",0.0275311469221242,2190.54138554608,574.77105468008,0,243,243
"81","1996-09",0.0273476143714875,2086.6211514753,666.544202680534,112,82,-30
"82","1996-10",0.0271171742951781,1402.61170167292,1445.01752062695,328,0,-328
"83","1996-11",0.0268391386605855,1612.57599942789,3419.43856774327,891,0,-891
"84","1996-12",0.0265169921524713,2216.221614516,4799.8081675615,1011,0,-1011
"85","1997-01",0.0261480517922427,2485.49480151357,5987.71263816145,1318,0,-1318
"86","1997-02",0.025964594219911,2063.44766404644,4801.34024406991,874,0,-874
"87","1997-03",0.0259648514549166,1804.71929340332,3775.31978760211,733,0,-733
"88","1997-04",0.0261476394099975,1596.53353771256,2776.33961813932,555,0,-555
"89","1997-05",0.0265148529833567,1443.75664813222,1728.95834690338,287,10,-277
"90","1997-06",0.0270644882128602,1580.98785998543,903.520344122911,38,163,125
"91","1997-07",0.0277968058358425,2516.70558604393,519.32728082929,4,280,276
"92","1997-08",0.0287094398408492,2327.63937230362,543.864631484201,10,156,146
"93","1997-09",0.0298051966054046,1769.05845388359,634.836897599406,76,71,-5
"94","1997-10",0.0310843237551623,1547.96660216162,1455.41392397573,397,40,-357
"95","1997-11",0.0325474779463037,1697.39797716254,3170.41717761387,799,0,-799
"96","1997-12",0.0341945808534191,2012.28108170275,4735.79285067762,1004,0,-1004
"97","1998-01",0.0360222864905622,2225.07533285754,5018.44094277299,954,0,-954
"98","1998-02",0.0376692591570004,1789.28519417626,3858.58132408939,733,0,-733
"99","1998-03",0.0391328425877814,1747.05616143142,3904.18656674745,770,11,-759
"100","1998-04",0.0404080266854389,1426.58599484792,2202.30264703812,385,0,-385
"101","1998-05",0.0414997492115708,1655.72701513173,982.759563656166,56,101,45
"102","1998-06",0.0424076340978268,2184.61398246524,681.496776952619,48,230,182
"103","1998-07",0.0431323025269267,2737.16563086636,513.293066699193,0,264,264
"104","1998-08",0.0436726384894012,2734.22470071643,510.597260963475,0,275,275
"105","1998-09",0.0440323722698687,2054.20888630439,586.63039460806,25,168,143
"106","1998-10",0.0442116446369938,1623.94251224054,1183.16720245144,297,8,-289
"107","1998-11",0.0442118388155203,1687.6629673394,2466.02207979706,607,0,-607
"108","1998-12",0.0440342635179062,2330.19002905724,3648.61834996446,895,0,-895
"109","1999-01",0.0436743383426648,2370.97480919957,5993.00960330037,1207,0,-1207
"110","1999-02",0.0433680981523108,1697.55156742542,4070.77938847047,820,0,-820
"111","1999-03",0.0431084881642125,2008.41510409296,4252.19169480551,899,0,-899
"112","1999-04",0.0428910467817703,1534.14109451904,2404.22319176423,351,1,-350
"113","1999-05",0.0427198750257037,1533.79138242314,1074.69328371015,96,57,-39
"114","1999-06",0.0425942382532366,2222.5264417002,628.070350150703,20,235,215
"115","1999-07",0.0425149444576387,2965.15513029517,508.104812063954,0,406,406
"116","1999-08",0.0424811835702706,2708.5839768004,500.82252429668,4,194,190
"117","1999-09",0.042494437106899,1800.43097896149,585.030312983706,82,108,26
"118","1999-10",0.0425540428915008,1422.48520006927,1310.87277060918,354,0,-354
"119","1999-11",0.0426621589176522,1564.93693412678,2080.01128162927,527,0,-527
"120","1999-12",0.0428169361533675,2180.50174322104,4074.99136424449,1007,0,-1007
"121","2000-01",0.0430133856157472,2286.5047121483,5540.07257978694,1205,0,-1205
"122","2000-02",0.0431807545097917,1932.2076337459,4639.07465049178,847,0,-847
"123","2000-03",0.0433133404005875,1724.73058599488,2882.54424063111,616,0,-616
"124","2000-04",0.0434068566070043,1498.82423849689,2275.90172814952,445,0,-445
"125","2000-05",0.0434706039417973,1597.56406810048,1109.30915168388,91,67,-24
"126","2000-06",0.0434974216279238,1938.83324571011,652.372745622127,26,189,163
"127","2000-07",0.0434864610124829,2498.49334751673,519.458391156609,1,216,215
"128","2000-08",0.0434425904077765,2501.62344916635,515.668493745646,3,222,219
"129","2000-09",0.0433629268601642,2051.02835412379,702.097844008679,116,106,-10
"130","2000-10",0.0432493327156203,1563.41456235844,1195.52280996834,256,17,-239
"131","2000-11",0.0431038072757134,1683.35883961514,2742.04386908634,744,0,-744
"132","2000-12",0.0429234623398596,2446.53804214922,5784.06677089547,1430,0,-1430
"133","2001-01",0.0427117045967393,2513.83551471296,5838.65016210452,1192,0,-1192
"134","2001-02",0.0425300467623445,1967.95020692942,4354.5062879612,912,0,-912
"135","2001-03",0.042376067126619,1897.43949879493,3857.76434294168,882,0,-882
"136","2001-04",0.0422492967306345,1623.48989470588,1925.16328715844,298,39,-259
"137","2001-05",0.0421521334078116,1602.2116223722,875.574850564396,104,71,-33
"138","2001-06",0.0420818239138272,1882.03565840969,666.318233080898,47,173,126
"139","2001-07",0.0420410050540142,2700.91290273097,534.298958034747,5,282,277
"140","2001-08",0.0420281404715413,3173.35479799228,487.918571660718,0,283,283
"141","2001-09",0.0420433937617153,2038.91068309454,624.851262872113,106,72,-34
"142","2001-10",0.042095917578775,1509.88321317489,1409.36599000621,349,2,-347
"143","2001-11",0.0421743570630909,1467.56470238275,2015.84545190718,477,0,-477
"144","2001-12",0.0422839016061392,2202.65776155465,3315.74668818864,879,0,-879
"145","2002-01",0.0424248209456987,2389.07688866051,4731.85250943401,964,0,-964
"146","2002-02",0.0425623617618583,1907.0647417755,3841.13424572344,846,0,-846
"147","2002-03",0.042698930878776,1966.24192457225,3846.06959459635,850,0,-850
"148","2002-04",0.0428295769570993,1761.33269616077,2486.5340996685,394,39,-355
"149","2002-05",0.0429552974232841,1590.01916241741,1549.56929682056,244,36,-208
"150","2002-06",0.0430757224835136,2301.81424081837,733.402805494626,10,244,234
"151","2002-07",0.0431940614473376,3403.74533808812,464.067277852632,0,376,376
"152","2002-08",0.0433077803947862,3058.51199911324,506.182012655423,0,304,304
"153","2002-09",0.0434168583289813,2160.63327163456,504.846793410568,29,166,137
"154","2002-10",0.0435238953861111,1660.1425285505,1342.02511828593,431,34,-397
"155","2002-11",0.0436297261979339,1825.45388703157,2730.21008786504,757,0,-757
"156","2002-12",0.0437365070333913,2338.47532083743,4735.31118100732,1049,0,-1049
"157","2003-01",0.0438402121453387,2599.40206774222,6098.06835773322,1362,0,-1362
"158","2003-02",0.0439547874292826,2166.7837648355,5015.57672585678,1121,0,-1121
"159","2003-03",0.0440746580323865,2039.63827431505,3217.46196022048,735,0,-735
"160","2003-04",0.0441972956376976,1606.64586346767,1819.70859427156,372,12,-360
"161","2003-05",0.0443229619982674,1538.9425185142,1138.46951816039,159,19,-140
"162","2003-06",0.0444411229699807,1767.759061021,700.504448700516,54,125,71
"163","2003-07",0.0445611234526555,2793.64404233113,454.983893795474,0,251,251
"164","2003-08",0.0446860721535255,2902.19380355675,450.358154147968,0,278,278
"165","2003-09",0.0448175119458187,2127.03361616717,580.430381796004,96,54,-42
"166","2003-10",0.0449540095709547,1555.92983598831,1392.23300999427,378,1,-377
"167","2003-11",0.0450967362695639,1711.73760571221,2358.50844577279,575,1,-574
"168","2003-12",0.0452483894541095,2325.77668811403,4199.41003910873,988,0,-988
"169","2004-01",0.0454063227107753,2658.86782145055,5785.47714554785,1278,0,-1278
"170","2004-02",0.0455478831982898,2210.24775833151,4445.77519529157,1041,0,-1041
"171","2004-03",0.0456694729618864,1950.74611126674,2987.0956883073,659,0,-659
"172","2004-04",0.0457665248153,1630.12200191212,1530.30390735452,372,20,-352
"173","2004-05",0.0458421480355112,1687.45026131287,948.363439095228,95,124,29
"174","2004-06",0.0459010097335748,2186.7233463372,528.751614095536,21,154,133
"175","2004-07",0.0459395676709774,2638.3078396926,468.714656756742,3,222,219
"176","2004-08",0.045957139235986,2364.38159515129,522.84256760404,35,145,110
"177","2004-09",0.0459559247651069,2115.30061616647,514.077429820979,40,113,73
"178","2004-10",0.0459344733183744,1652.88109609493,1182.55704882798,333,4,-329
"179","2004-11",0.0458982953256185,1735.89105364245,2352.1777801063,582,0,-582
"180","2004-12",0.0458449791643622,2336.16013591669,4493.20389902561,1032,0,-1032
"181","2005-01",0.0457727965391341,2700.79454553101,5085.79258156556,1109,0,-1109
"182","2005-02",0.0457197504326224,1994.01182202275,3811.94892082019,867,0,-867
"183","2005-03",0.045675368283789,2109.18296097964,3692.1226161909,881,0,-881
"184","2005-04",0.0456375902889102,1625.26694645715,1566.44279023694,337,6,-331
"185","2005-05",0.0456093266845491,1612.65840432016,1029.46426279979,206,25,-181
"186","2005-06",0.0455945202360152,2572.20826990875,537.433791602358,6,261,255
"187","2005-07",0.0455890557537872,3414.06524166067,499.716037576607,0,318,318
"188","2005-08",0.0455952037769549,3250.84360454926,444.143091000652,1,310,309
"189","2005-09",0.045611605585465,2360.49602577888,490.426013897502,22,154,132
"190","2005-10",0.0456398744748765,1924.63555891502,1107.64099332839,330,31,-299
"191","2005-11",0.0456862647607381,1888.10146214843,2459.01706064713,612,0,-612
"192","2005-12",0.0457398211156521,2521.50705306198,4887.08506160944,1202,0,-1202
"193","2006-01",0.0458073743014732,2360.00768180044,3448.39860131783,807,0,-807
"194","2006-02",0.045876286669568,2087.23977556937,3737.25530414039,947,0,-947
"195","2006-03",0.04595027926935,2088.00925279856,3080.76891026824,763,0,-763
"196","2006-04",0.0460237599564084,1682.94357887735,1320.23012161876,303,6,-297
"197","2006-05",0.0460999764069702,1810.05750759569,890.401812780823,211,68,-143
"198","2006-06",0.0461749371147496,2229.06873805366,522.094150592411,12,154,142
"199","2006-07",0.046250385485726,3298.848551366,419.2382114738,0,328,328
"200","2006-08",0.046328982640423,2975.75481412512,445.776022171291,0,256,256
"201","2006-09",0.0464064761162062,1831.96418066365,551.419201611514,91,36,-55
"202","2006-10",0.0464887744757221,1812.17855998822,1517.34714084629,437,12,-425
"203","2006-11",0.0465747364824842,1962.29011521558,2452.56104412338,622,0,-622
"204","2006-12",0.0466596248412425,2357.48388980158,3437.6360263925,847,0,-847
"205","2007-01",0.0467497815670482,2458.64415077383,4336.42100083966,1025,0,-1025
"206","2007-02",0.0468402043729331,2297.81064247646,5327.10825682757,1279,0,-1279
"207","2007-03",0.0469292497417653,1901.6912901277,2685.39725954445,601,9,-592
"208","2007-04",0.0470121493348978,1660.0828335767,1990.67379358814,475,3,-472
"209","2007-05",0.0470930284570825,1837.00520602774,713.157727256229,65,104,39
"210","2007-06",0.0471685299247328,2441.18293429676,458.579773163789,5,227,222
"211","2007-07",0.0472387003103386,2863.1702253663,415.527525978902,0,229,229
"212","2007-08",0.0473054161700295,3175.64381978732,428.985970253457,1,367,366
"213","2007-09",0.0473690696227233,2310.16863311496,481.901365688051,31,166,135
"214","2007-10",0.0474319640448221,1835.0930341412,765.230751252128,217,62,-155
"215","2007-11",0.0474913241753127,1967.3980546372,2693.19780603199,698,0,-698
"216","2007-12",0.0475495537075923,2500.55244360788,3906.07606855856,1009,0,-1009
"217","2008-01",0.0476078502730108,2588.71353696409,5117.00220436635,1154,0,-1154
"218","2008-02",0.0476151914813682,2317.47946707687,4614.07881343036,1081,0,-1081
"219","2008-03",0.047569851301143,2011.09398588185,3354.49755865693,838,0,-838
"220","2008-04",0.0474751529847852,1705.53537683014,1678.02884952679,384,7,-377
"221","2008-05",0.0473244125034485,1636.70333597288,821.97821928774,196,11,-185
"222","2008-06",0.0471225632637286,2359.42172620536,473.266714371819,1,232,231
"223","2008-07",0.0468672473429872,2848.69516971067,423.329240520081,0,257,257
"224","2008-08",0.0465585980811085,2602.11918980977,411.334634305832,1,193,192
"225","2008-09",0.0461993453039456,1930.9111881641,453.248551140762,22,95,73
"226","2008-10",0.045790088374465,1760.11838706193,1122.93712495914,359,10,-349
"227","2008-11",0.0453305408835594,2004.70199236944,2695.57078244801,749,0,-749
"228","2008-12",0.044822967418217,2596.73575061306,4589.11549628923,1124,0,-1124
"229","2009-01",0.0442624618308019,2683.0550825713,5438.27990133405,1362,0,-1362
"230","2009-02",0.0437892954380566,2017.47432202932,3980.22048857028,944,0,-944
"231","2009-03",0.0433997219498895,1980.44065690108,2422.23570924,667,0,-667
"232","2009-04",0.0430962591123443,1724.84409274985,1615.64170203689,437,23,-414
"233","2009-05",0.0428757787557596,1633.73671956559,732.842721827804,132,42,-90
"234","2009-06",0.0427389482048126,2279.56534907529,491.558623194675,16,213,197
"235","2009-07",0.0426855135974792,2314.34027025201,430.491765999699,3,137,134
"236","2009-08",0.0427158711637884,2427.41202080716,426.618166159409,14,188,174
"237","2009-09",0.0428276999219054,1920.0645447732,522.294182402732,48,62,14
"238","2009-10",0.0430242604855176,1725.80507768446,1379.64656561188,456,0,-456
"239","2009-11",0.0433051997699569,1798.96298100603,1932.07312347979,581,0,-581
"240","2009-12",0.0436732501644509,2338.0978624418,4065.8821610173,1073,0,-1073
"241","2010-01",0.0441216976670911,2692.84205822304,5146.07519753864,1279,0,-1279
"242","2010-02",0.044523771219644,2244.47451042744,4085.76691977442,1110,0,-1110
"243","2010-03",0.0448801865143189,1958.85481690345,2426.92905340366,667,0,-667
"244","2010-04",0.0451892340271763,1581.09712935696,1020.96047479276,248,14,-234
"245","2010-05",0.0454514005757612,1733.56117850922,729.745648109575,122,100,-22
"246","2010-06",0.0456671661494418,2400.10048208022,441.192447727155,3,272,269
"247","2010-07",0.0458340392168285,3320.75341474703,399.945775220104,1,357,356
"248","2010-08",0.0459524165076469,3155.15782908958,413.289087659095,0,337,337
"249","2010-09",0.0460226549778601,2088.15216930989,401.96004675431,55,120,65
"250","2010-10",0.0460464190563204,1636.3749420814,849.721755625724,298,9,-289
"251","2010-11",0.0460280432072403,1714.16397485288,2348.48470540428,668,0,-668
"252","2010-12",0.0459643304318064,2423.9820939195,4723.35765809647,1267,0,-1267
"253","2011-01",0.0458524983374982,2590.47886454339,4955.58834978945,1300,0,-1300
"254","2011-02",0.0457551311278124,2198.40235822537,3686.91165212108,964,0,-964
"255","2011-03",0.0456701802007788,1936.28029167256,2767.3509146,742,0,-742
"256","2011-04",0.0455919648441259,1665.69024663553,1396.52937440453,371,3,-368
"257","2011-05",0.0455249130499363,1718.00891632732,850.123419349299,176,94,-82
"258","2011-06",0.0454694956429893,2241.58916891317,417.641608396378,4,216,212
"259","2011-07",0.0454210784346657,3266.20282059926,409.276071553786,0,429,429
"260","2011-08",0.0453834861216732,2855.07851947382,372.321417099985,0,243,243
"261","2011-09",0.0453543431874692,2037.80901513473,528.157819326695,130,82,-48
"262","2011-10",0.0453387659892417,1618.44650332167,1156.45738129277,347,2,-345
"263","2011-11",0.0453366092290489,1741.29712084001,2014.86479451365,546,0,-546
"264","2011-12",0.0453455479565416,2132.2451844811,3281.82562952431,883,0,-883
"265","2012-01",0.045365064219572,2290.92841479683,4032.71634168158,1005,0,-1005
"266","2012-02",0.0453918641018374,2002.88030038174,3254.872712904,872,0,-872
"267","2012-03",0.0454170216508323,1775.21880298872,1570.86402408184,358,25,-333
"268","2012-04",0.045444984516416,1500.95426026812,1130.88715850227,371,2,-369
"269","2012-05",0.0454756715783223,1767.13831742045,538.914216144739,53,130,77
"270","2012-06",0.0455057833825786,2496.69964609453,438.83373535105,23,228,205
"271","2012-07",0.0455369423401313,3486.82593030539,353.636303944822,0,467,467
"272","2012-08",0.0455678410983286,2835.17649968717,381.807228263693,2,215,213
"273","2012-09",0.0455990627359185,2105.24218544284,475.121525867892,117,80,-37
"274","2012-10",0.0456342749569746,1662.5517521872,1309.64512810046,419,6,-413
"275","2012-11",0.0456734585721158,1783.09136744201,2447.33671300167,747,0,-747
"276","2012-12",0.0457167290126779,2127.94795938927,3102.35441528581,842,0,-842
"277","2013-01",0.0457634887204726,2348.93900854517,4309.61653657815,1095,0,-1095
"278","2013-02",0.0458252427258029,2080.98363907345,3782.68056386601,989,0,-989
"279","2013-03",0.0458960555614457,2065.90557730071,3551.59807712877,940,0,-940
"280","2013-04",0.0459755208232826,1743.52019732636,1553.83470815022,437,6,-431
"281","2013-05",0.0460678070682827,1735.69936960657,739.410443835415,111,91,-20
"282","2013-06",0.0461650439410303,2094.27418933868,409.562447487701,14,193,179
"283","2013-07",0.0462744078316252,2688.24928043606,398.413427109013,5,240,235
"284","2013-08",0.0463922649600429,2576.51420945788,375.623960608771,10,223,213
"285","2013-09",0.0465185227680313,2031.97684088537,396.414263403235,64,121,57
"286","2013-10",0.0466564562101518,1707.2062939167,1164.98153137878,352,27,-325
"287","2013-11",0.0468056248486209,1911.04258178678,2720.00783381175,776,0,-776
"288","2013-12",0.0469700046091039,2434.60350635003,4298.27450397835,1108,0,-1108
"289","2014-01",0.0471443963797913,2619.77221886668,5669.64506955977,1418,0,-1418
"290","2014-02",0.0472949149530681,2358.79015036875,4474.49433119452,1222,0,-1222
"291","2014-03",0.047420355885536,2114.67905286456,3752.20812329078,968,0,-968
"292","2014-04",0.0475184132953815,1605.99722329124,1293.11340867648,388,0,-388
"293","2014-05",0.0475884004779048,1722.13722215586,694.515061016345,152,94,-58
"294","2014-06",0.0476316835595899,2236.85767723962,326.09160360214,5,233,228
"295","2014-07",0.0476485284913048,2308.55915529171,366.349637075978,11,140,129
"296","2014-08",0.0476347544939495,2560.56917146372,394.632929614555,5,241,236
"297","2014-09",0.0475955876059041,1803.86208069417,477.422511333741,98,73,-25
"298","2014-10",0.0475311166857158,1609.85312233424,1243.21466126969,351,2,-349
"299","2014-11",0.0474426215310937,1975.59105637079,3247.97633238279,854,0,-854
"300","2014-12",0.0473314290177016,2206.41523101031,3652.59194289882,949,0,-949
"301","2015-01",0.0471955519370113,2403.3432859434,4778.87566979344,1232,0,-1232
"302","2015-02",0.047083889637216,2219.38138581434,4835.0658800498,1289,0,-1289
"303","2015-03",0.0469899489179576,2025.32693010634,3026.38250933197,864,0,-864
"304","2015-04",0.0469138577903545,1506.08486068983,1409.09331970741,375,1,-374
"305","2015-05",0.0468566556215126,1637.29452164448,605.222539115696,100,103,3
"306","2015-06",0.046818669522892,2054.98398145169,376.285579525972,21,202,181
"307","2015-07",0.0467984975381812,2581.73752427214,353.860956353387,2,240,238
"308","2015-08",0.0467963105833351,2534.93729365408,327.034158587591,5,181,176
"309","2015-09",0.0468139170312252,2062.78641346471,393.836731910803,33,145,112
"310","2015-10",0.0468505764515298,1554.4996314552,938.737661224146,295,3,-292
"311","2015-11",0.0469113922501042,1710.38126888013,1904.7519758944,555,0,-555
"312","2015-12",0.0469904329128881,2023.12288001709,2731.17457141004,703,0,-703
"313","2016-01",0.047095266922501,2287.83755712244,4467.59330921178,1150,0,-1150
"314","2016-02",0.0471969110379512,1965.68013261785,3475.23292574804,924,0,-924
"315","2016-03",0.0472935140812749,1728.09997348265,1894.18434011501,564,0,-564
"316","2016-04",0.0473854599780811,1528.63919568712,1518.13688536125,410,4,-406
"317","2016-05",0.0474728022469167,1631.45701163629,770.122895255206,191,64,-127
"318","2016-06",0.047556105792962,2418.68690295513,361.958668127747,6,236,230
"319","2016-07",0.0476334210813946,2860.69716409695,330.005132025173,6,302,296
"320","2016-08",0.0477067973991182,2931.90372044941,357.134716234696,0,332,332
"321","2016-09",0.0477762824750905,2139.03412669812,380.507726127383,10,190,180
"322","2016-10",0.0478411231393185,1610.30537489289,695.835390909093,178,44,-134
"323","2016-11",0.0479059769608886,1616.20599628435,1838.29912516595,543,3,-540
"324","2016-12",0.0479691572654454,2237.96429086556,4213.25698353386,1097,0,-1097
"325","2017-01",0.0480276035519402,2248.51874105166,3806.6918515935,975,0,-975
"326","2017-02",0.0480833551144687,1724.49884447749,2484.93737184284,671,0,-671
"327","2017-03",0.0481299832564987,1748.63707124833,2776.87380884982,711,0,-711
"328","2017-04",0.0481681675010753,1439.95228118103,1144.65196914723,259,14,-245
"329","2017-05",0.0481965473641024,1573.54146555077,855.144468711174,186,53,-133
"330","2017-06",0.0482162957518263,2269.18725681507,390.342245757704,10,198,188
"331","2017-07",0.0482259420709761,2741.25271079387,338.583757507962,0,289,289
"332","2017-08",0.0482263858155897,2271.47204409161,325.45118368036,6,154,148
"333","2017-09",0.0482188292139805,2046.86585684601,402.988851243878,67,130,63
"334","2017-10",0.048203312695081,1566.89512936883,895.196893349267,260,31,-229
"335","2017-11",0.0481822591898877,1784.2667625192,2325.43768540174,671,0,-671
"336","2017-12",0.0481549607344675,2178.94106093011,4259.82179229189,1113,0,-1113
