"","Date","Real GDP per capita (millions of chained 2012 dollars per person)","Electricity Sale to Residential Consumers per capita (MJ/person)","Natural Gas Deliveries to Residential Consumers per capita (MJ/person)","HDD","CDD","DD"
"1","1990-01",0.0229398459500297,3158.93006779912,5514.63822837332,1088,0,-1088
"2","1990-02",0.0229274278350086,2339.97308348002,4163.02104288391,1038,0,-1038
"3","1990-03",0.0229129100746109,2361.68469596335,3747.55617010663,778,0,-778
"4","1990-04",0.0228927498527819,2145.92986607151,2861.25247834123,521,25,-496
"5","1990-05",0.0228726576754932,1862.15148458732,1626.17003054418,258,3,-255
"6","1990-06",0.0228503309228602,2106.85617183853,955.26689042009,28,197,169
"7","1990-07",0.0228266447837166,2801.79527591798,635.89916066284,4,246,242
"8","1990-08",0.0228010479867288,2644.68944826273,595.130284535013,3,229,226
"9","1990-09",0.0227739344903043,2594.35241388725,622.110728315509,102,150,48
"10","1990-10",0.0227457114810092,1989.44005252855,1114.62814022862,445,7,-438
"11","1990-11",0.0227187136131559,2102.08164130621,2244.29177025074,696,0,-696
"12","1990-12",0.0226907301446559,2528.88677401,3744.08787115268,1381,0,-1381
"13","1991-01",0.0226622364610883,3254.99849364697,6232.21958831571,1580,0,-1580
"14","1991-02",0.0226482060167981,2578.41073176795,4558.72292411049,1005,0,-1005
"15","1991-03",0.022650518240427,2449.36362995149,3675.03771002762,798,1,-797
"16","1991-04",0.0226669568248194,2043.5730199,2301.19084250949,412,12,-400
"17","1991-05",0.0226969226066166,2062.16871273503,1381.93418727605,147,141,-6
"18","1991-06",0.0227402765222333,2762.10751309104,772.675328181507,1,259,258
"19","1991-07",0.0228030437739478,3401.74544442931,571.419630241082,1,286,285
"20","1991-08",0.0228804389157387,2964.32134886305,585.885513441428,3,229,226
"21","1991-09",0.0229731524589796,2701.57631515211,680.924568522486,176,112,-64
"22","1991-10",0.0230820675982411,2085.43779485395,1581.17354704626,463,3,-460
"23","1991-11",0.0232077821621202,2238.52200459236,3448.10531796486,1085,0,-1085
"24","1991-12",0.0233507112881266,2696.62468184618,4789.87821758437,1167,0,-1167
"25","1992-01",0.0235093130639971,3145.34749268454,4789.25050642525,1183,0,-1183
"26","1992-02",0.0236451086084178,2595.91177466065,4499.53416585943,957,0,-957
"27","1992-03",0.0237569212803404,2458.21359499014,3278.15251903631,811,0,-811
"28","1992-04",0.0238440227954774,2257.54196810623,2648.77695491146,560,1,-559
"29","1992-05",0.0239078006351183,1966.44158298629,1287.62155640144,189,46,-143
"30","1992-06",0.0239478878434605,2051.04463771193,843.562425235936,24,115,91
"31","1992-07",0.0239648303474203,2659.62160139175,596.285164673419,16,129,113
"32","1992-08",0.0239573605833676,2679.53918245844,642.979537585344,48,85,37
"33","1992-09",0.0239276584886435,2267.33475690634,726.251488759728,165,49,-116
"34","1992-10",0.023875231870378,2042.24510916899,1434.44854602933,439,3,-436
"35","1992-11",0.02380093338582,2281.79709674286,3214.0424643022,948,0,-948
"36","1992-12",0.0237046594620174,2885.87755946217,4935.34870381287,1264,0,-1264
"37","1993-01",0.023585407908696,3334.8341166892,5822.25651950158,1451,0,-1451
"38","1993-02",0.0235006473363909,2772.9180606697,5017.53512628387,1277,0,-1277
"39","1993-03",0.0234493938135385,2960.08382928419,4453.66608867207,1046,0,-1046
"40","1993-04",0.0234303969518144,2233.50230247109,2919.05729446172,595,0,-595
"41","1993-05",0.0234444724295757,1898.2021729473,1325.18417346262,182,22,-160
"42","1993-06",0.0234911448364287,2214.36917619657,914.639954904222,61,132,71
"43","1993-07",0.0235707012712395,3301.3410802459,599.955742865813,0,230,230
"44","1993-08",0.023682685471858,3299.12566293986,581.70669968144,10,234,224
"45","1993-09",0.0238282926623022,2341.98971298887,819.727199211227,223,12,-211
"46","1993-10",0.0240072403043213,1949.60833263566,1762.06049201528,481,8,-473
"47","1993-11",0.0242207707509383,2528.23127111479,3325.12675051094,915,0,-915
"48","1993-12",0.0244680503943488,3048.40066182272,4498.24726262694,1211,0,-1211
"49","1994-01",0.0247486288055104,3826.88276036886,6384.69589830458,1692,0,-1692
"50","1994-02",0.0250030462759686,3082.86727423608,5524.07519643632,1342,0,-1342
"51","1994-03",0.0252285193756088,2725.15332523222,3610.45232127037,849,0,-849
"52","1994-04",0.0254238400573473,2228.41601359688,2440.40093943197,478,12,-466
"53","1994-05",0.0255927516030278,1975.03527038786,1423.8426295563,184,47,-137
"54","1994-06",0.025732519021607,2652.63438732498,714.771113500693,17,205,188
"55","1994-07",0.0258440139036668,3259.99444559292,558.002329826962,1,183,182
"56","1994-08",0.0259273149065681,2818.41764698736,579.224557185575,19,140,121
"57","1994-09",0.0259825276460338,2268.92268867643,683.402291652391,95,87,-8
"58","1994-10",0.0260103756540743,2013.38635956522,1094.08761499125,347,6,-341
"59","1994-11",0.0260116284837444,2195.81096410497,2557.67886087726,755,0,-755
"60","1994-12",0.0259857000873287,2825.1802823959,4390.7724340045,1163,0,-1163
"61","1995-01",0.0259323294703822,3403.64353755565,5725.70230620178,1448,0,-1448
"62","1995-02",0.025905309730766,2909.15467150142,4798.10019676071,1122,0,-1122
"63","1995-03",0.0259041844160386,2621.39360111343,3030.46823073552,865,0,-865
"64","1995-04",0.0259272228886147,2163.46529743521,2814.23465098379,605,0,-605
"65","1995-05",0.0259767715087606,1978.24460055356,1641.03413842476,244,0,-244
"66","1995-06",0.026050777515742,2469.62742507708,508.573432011515,26,187,161
"67","1995-07",0.0261498100282296,3489.51102960954,525.9256121004,9,291,282
"68","1995-08",0.026274461088963,4054.16898273957,476.983173836263,0,369,369
"69","1995-09",0.0264238490074305,2575.08164192854,690.846324969669,177,46,-131
"70","1995-10",0.0265990238710273,2034.77355880078,1447.85675985648,436,6,-430
"71","1995-11",0.026801867558295,2652.31080451945,4271.34863477322,1046,0,-1046
"72","1995-12",0.0270317670381203,3305.96958775709,5422.18163013409,1276,0,-1276
"73","1996-01",0.0272882473807856,3815.73620476016,6195.1016551845,1516,0,-1516
"74","1996-02",0.0275021776064269,3196.38305562123,5221.90198535756,1232,0,-1232
"75","1996-03",0.0276727792955682,2872.50338452528,4500.27871620998,1087,0,-1087
"76","1996-04",0.0277997109714277,2425.01358211845,2641.4908014572,573,0,-573
"77","1996-05",0.0278844922327251,2181.89700633977,1592.24323110278,296,36,-260
"78","1996-06",0.0279258938100338,2189.89453100267,890.832889469144,38,180,142
"79","1996-07",0.0279247101750033,3368.39419486064,632.169655382581,4,183,179
"80","1996-08",0.0278799425164029,3189.56301245864,611.883463389445,0,170,170
"81","1996-09",0.027792892042369,2646.04053290532,742.459294685043,170,57,-113
"82","1996-10",0.0276641921366583,2148.62739155912,1375.22974083833,408,3,-405
"83","1996-11",0.0274933544310204,2580.97116339917,3715.50955818596,1070,0,-1070
"84","1996-12",0.0272826684937448,3333.12494618296,5369.63021203996,1392,0,-1392
"85","1997-01",0.0270303301755438,3863.79400804361,6711.1457021022,1554,0,-1554
"86","1997-02",0.0269247300433483,3002.86451259289,4538.54951710562,1116,0,-1116
"87","1997-03",0.026964774562494,2856.85450228577,3639.29965295012,868,0,-868
"88","1997-04",0.0271497572096666,2221.61365416689,2663.34370210804,612,0,-612
"89","1997-05",0.0274810532107344,2068.63011740371,1495.22957032015,332,4,-328
"90","1997-06",0.0279574090354535,2422.15478125574,799.621726079972,4,175,171
"91","1997-07",0.0285790998215455,3400.61216531081,606.665674809109,11,280,269
"92","1997-08",0.029344646369007,3138.40611058936,560.936612561234,10,159,149
"93","1997-09",0.0302560199340702,2483.52557185043,624.046779341083,85,69,-16
"94","1997-10",0.0313134533969514,2320.16710681081,1534.1657207937,450,52,-398
"95","1997-11",0.0325174234130894,2670.80491595254,3260.53237744861,962,0,-962
"96","1997-12",0.0338678996388826,3037.18921592209,4564.32888258079,1167,0,-1167
"97","1998-01",0.0353627441985374,3378.48340669525,5134.87199719396,1288,0,-1288
"98","1998-02",0.0367059700389094,2801.78919485625,3886.5093353209,855,0,-855
"99","1998-03",0.0378958310676737,3000.2491114395,4027.16084712293,987,2,-985
"100","1998-04",0.0389291375994045,2347.25555761413,2204.00060230421,460,0,-460
"101","1998-05",0.0398089626167313,2206.32215822271,1062.54080858108,77,86,9
"102","1998-06",0.0405349893187111,2933.94534438384,543.351400645392,76,150,74
"103","1998-07",0.0411075033427167,3552.3318800331,603.890865976117,0,282,282
"104","1998-08",0.0415256852094584,3613.18802452555,546.769860644524,0,258,258
"105","1998-09",0.0417917027309416,2897.76976884453,543.042706860312,41,140,99
"106","1998-10",0.0419054662657767,2178.54078782849,1146.84102312705,371,1,-370
"107","1998-11",0.0418676382286833,2442.90443685636,2402.21205600875,733,0,-733
"108","1998-12",0.0416788185440576,3041.65265307904,3982.1271891323,1097,0,-1097
"109","1999-01",0.0413359510107,3866.40529613924,6121.63169646389,1501,0,-1501
"110","1999-02",0.0410475862676783,2895.45613664291,4032.2516098703,915,0,-915
"111","1999-03",0.0408093879803962,3043.94164179785,3732.01413640835,906,0,-906
"112","1999-04",0.0406186230770868,2395.92801013046,2096.2365543614,454,0,-454
"113","1999-05",0.0404778597630594,2187.62586082184,1165.36614426905,158,28,-130
"114","1999-06",0.0403866698254891,2895.57821400855,603.306356886764,39,162,123
"115","1999-07",0.040345580036216,4445.30864273444,688.689209917433,0,376,376
"116","1999-08",0.0403541117362647,3906.32460464936,464.330235233898,4,163,159
"117","1999-09",0.0404132126140146,2721.49922275754,689.030603182696,167,57,-110
"118","1999-10",0.0405225018052101,2114.08243167031,1301.95307736386,440,0,-440
"119","1999-11",0.0406833673211189,2410.53164445538,2100.12808522675,632,0,-632
"120","1999-12",0.0408947093825082,3262.13173723239,3975.45754588137,1183,0,-1183
"121","2000-01",0.0411534659097375,3700.11174089993,5244.14938202603,1365,0,-1365
"122","2000-02",0.0413782941736539,3027.43963467094,4089.02912644384,965,0,-965
"123","2000-03",0.0415660706676616,2559.97495370818,2850.85081817939,693,0,-693
"124","2000-04",0.0417144782113697,2214.7918481658,1997.6864004731,475,0,-475
"125","2000-05",0.0418297171180669,2256.1847374429,982.111929298503,124,52,-72
"126","2000-06",0.0419075388518796,2882.17873165259,595.138818183946,38,121,83
"127","2000-07",0.0419476134496518,3367.57397304344,572.350538639733,6,225,219
"128","2000-08",0.0419531847311288,3523.02149409191,520.280855130812,2,246,244
"129","2000-09",0.0419225255804596,2757.20144310058,630.204290837518,129,119,-10
"130","2000-10",0.0418568673289558,2327.17805586489,1148.10934371057,319,9,-310
"131","2000-11",0.0417574807739064,2645.05494286976,2984.4023719831,972,0,-972
"132","2000-12",0.0416224643780627,3962.66523630394,5742.10179378578,1701,0,-1701
"133","2001-01",0.0414538817997001,4167.78170257332,5464.31148931632,1384,0,-1384
"134","2001-02",0.0413141650307769,3072.48943345991,4847.75835978649,1318,0,-1318
"135","2001-03",0.0412017412212468,2956.15376312891,4107.77180585447,1091,0,-1091
"136","2001-04",0.0411162871419479,2377.00754517112,2059.28464364858,383,10,-373
"137","2001-05",0.0410593248422658,2326.47083316574,977.754500822879,172,49,-123
"138","2001-06",0.041029065746302,2843.9627050021,715.139671458487,61,158,97
"139","2001-07",0.041027190416591,3714.33030056822,572.910664489229,2,311,309
"140","2001-08",0.041052691234448,3936.96449559337,487.541880126153,2,247,245
"141","2001-09",0.0411056542258581,2667.2476126704,587.077259888991,152,39,-113
"142","2001-10",0.0411919880781312,2523.02936120211,1306.35451833331,466,3,-463
"143","2001-11",0.0413043264150011,2444.34878926426,1773.95435911731,516,0,-516
"144","2001-12",0.0414460084294905,3122.06786480572,3357.15899889525,1062,0,-1062
"145","2002-01",0.0416171878808,3608.34663474746,4437.27140652462,1125,0,-1125
"146","2002-02",0.041780399887815,3018.84252345199,3812.50010054767,1015,0,-1015
"147","2002-03",0.0419372037082632,3077.63076802713,3874.03164993188,1078,0,-1078
"148","2002-04",0.0420843703113874,2571.68343527118,2413.6853295648,519,19,-500
"149","2002-05",0.0422225414868311,2371.41360454428,1298.95486720297,279,32,-247
"150","2002-06",0.0423514707838451,3173.16121326676,690.235995253573,14,227,213
"151","2002-07",0.0424732492551629,4376.86895679697,489.427756695647,1,359,358
"152","2002-08",0.0425862231465518,4124.55553953815,503.035959221271,8,202,194
"153","2002-09",0.0426903788016529,3352.20668633733,524.762025885134,87,112,25
"154","2002-10",0.0427874167115897,2686.49628987963,1465.81625642602,579,11,-568
"155","2002-11",0.0428778862793377,2832.58518725825,2822.73144903007,919,0,-919
"156","2002-12",0.0429632010208779,3602.09278905013,4118.34602718393,1129,0,-1129
"157","2003-01",0.0430407352131095,4228.53504644824,5153.09895967001,1435,0,-1435
"158","2003-02",0.0431487564114424,3776.08522225414,5061.02707239141,1265,0,-1265
"159","2003-03",0.0432836238063063,3134.527826222,3854.52129611681,952,0,-952
"160","2003-04",0.0434436803435926,2359.77773556667,2065.45576295796,456,14,-442
"161","2003-05",0.0436290838108136,2279.18541639565,1150.5501508207,225,11,-214
"162","2003-06",0.0438328893113997,2666.54814336456,669.700621750901,45,115,70
"163","2003-07",0.0440611693579438,3644.16414148874,520.681703686428,1,251,250
"164","2003-08",0.0443159246445062,3945.16299533979,515.351476639349,0,284,284
"165","2003-09",0.0445981367303001,3080.49116300516,576.090089600506,164,56,-108
"166","2003-10",0.0449068156391553,2457.51120381245,1126.73295984974,402,4,-398
"167","2003-11",0.0452426953197299,2568.41023266396,2620.49281268617,874,0,-874
"168","2003-12",0.0456075463062788,3576.13115043268,4019.86524778775,1144,0,-1144
"169","2004-01",0.045999560027901,4167.47433556531,5339.64528072976,1474,0,-1474
"170","2004-02",0.0463667939133555,3687.93727649614,4854.28347545137,1236,0,-1236
"171","2004-03",0.046706823864557,3026.78751247076,3203.60621632721,764,0,-764
"172","2004-04",0.0470165128946837,2524.28260936725,1686.47488551406,438,10,-428
"173","2004-05",0.0472979551047888,2579.32663202327,954.217069190964,178,50,-128
"174","2004-06",0.0475543613308417,3182.69989230585,578.063366983592,44,109,65
"175","2004-07",0.0477832925749867,3680.51985563717,420.373765423999,8,183,175
"176","2004-08",0.0479842623162806,3465.53567830269,527.354338782954,60,103,43
"177","2004-09",0.0481587951257354,3107.55944290006,506.989719707737,59,97,38
"178","2004-10",0.0483058715295845,2514.17724398843,1071.47335335879,412,0,-412
"179","2004-11",0.0484293684594256,2637.42259246131,1988.84294590775,735,0,-735
"180","2004-12",0.0485276068133807,3604.81487686152,4028.97845906624,1194,0,-1194
"181","2005-01",0.0485993664111468,4115.6154765747,5275.20796281422,1429,0,-1429
"182","2005-02",0.0486673880536118,3372.37507035596,3781.21237704039,967,0,-967
"183","2005-03",0.0487242405198977,3302.04676327675,3324.55197723009,920,0,-920
"184","2005-04",0.0487684448380288,2549.92366187858,1667.03830403538,370,4,-366
"185","2005-05",0.0488020854107451,2451.93953394934,1145.93677229182,249,16,-233
"186","2005-06",0.0488280109447104,3415.71447093016,544.332615653867,1,237,236
"187","2005-07",0.048843297729418,4273.64098226776,509.25530288595,3,306,303
"188","2005-08",0.0488496076506654,4300.52844628798,456.204930184124,4,216,212
"189","2005-09",0.0488460022775899,3545.8432995127,479.115426377382,59,137,78
"190","2005-10",0.0488336832160622,2817.80162972657,968.783873164471,421,34,-387
"191","2005-11",0.0488171819566193,2866.96094650811,2145.35375143386,766,0,-766
"192","2005-12",0.0487886818459925,4032.84424553878,4405.46083988934,1410,0,-1410
"193","2006-01",0.048753130752513,3755.60264855016,3721.49579274825,1015,0,-1015
"194","2006-02",0.0487448520173319,3272.836336798,3862.08232372945,1132,0,-1132
"195","2006-03",0.0487664772001963,3288.76039090075,3192.04417760249,896,0,-896
"196","2006-04",0.0488139958151581,2527.78106628145,1616.7052645214,355,4,-351
"197","2006-05",0.0488897026271676,2467.69533825388,883.130833695754,207,72,-135
"198","2006-06",0.0489907310997987,3229.95537952115,576.552205559101,21,158,137
"199","2006-07",0.0491182977938603,4186.02585396941,579.574134376376,0,335,335
"200","2006-08",0.0492742773531302,4236.73888804431,466.162332596539,1,211,210
"201","2006-09",0.0494556038268424,2969.30786488078,550.235831005858,165,17,-148
"202","2006-10",0.0496664835828681,2657.78030771047,1405.30975716215,552,15,-537
"203","2006-11",0.0499060890884865,2988.16046706146,2271.81720082655,761,0,-761
"204","2006-12",0.0501709855668233,3628.49883406974,3474.36255126725,1028,0,-1028
"205","2007-01",0.0504657356049677,3893.4672807303,4393.5322137125,1332,0,-1332
"206","2007-02",0.0507216819622455,4107.80264626575,5092.24409217471,1387,0,-1387
"207","2007-03",0.0509376658775275,3324.39568525509,3053.84643802868,734,4,-730
"208","2007-04",0.0511102269273137,2705.09933357116,2116.19920851521,552,10,-542
"209","2007-05",0.05124240823495,2740.63433013606,899.431425561899,74,63,-11
"210","2007-06",0.0513317869321316,3473.59409902122,508.077913767572,3,159,156
"211","2007-07",0.0513784408123334,3951.05188717337,458.39504360547,0,263,263
"212","2007-08",0.051383799900365,4457.19439085747,442.175404041921,0,279,279
"213","2007-09",0.0513482123100868,3621.87433661404,492.780735150667,92,90,-2
"214","2007-10",0.0512734225190736,2879.50147965094,774.175661209074,318,29,-289
"215","2007-11",0.0511574701140053,2904.28278593429,2153.30279211432,844,0,-844
"216","2007-12",0.051002171204421,3814.23757711794,4256.05725224347,1363,0,-1363
"217","2008-01",0.0508084470290426,4279.732593524,5155.06627483385,1480,0,-1480
"218","2008-02",0.0506185054002137,3960.95996379636,4941.52759145691,1412,0,-1412
"219","2008-03",0.0504310162510529,3526.93869213715,3871.36796274957,1017,0,-1017
"220","2008-04",0.0502482702734965,2631.17876973859,2168.9837832009,556,0,-556
"221","2008-05",0.0500654144723517,2321.64525265327,1197.50971580828,254,11,-243
"222","2008-06",0.0498858921662064,3338.3630193129,682.108628368712,1,132,131
"223","2008-07",0.0497079395271441,4021.41311282053,465.688090147616,0,249,249
"224","2008-08",0.0495315655015274,3845.12338008974,458.324107136266,3,151,148
"225","2008-09",0.0493586462983449,3073.50609097328,467.250209601251,97,45,-52
"226","2008-10",0.0491895512380243,2595.8906460696,1004.06984440455,439,5,-434
"227","2008-11",0.0490240226487136,3030.15494598773,2211.65796128978,839,0,-839
"228","2008-12",0.048863685382388,4235.33968905334,4677.52534321057,1452,0,-1452
"229","2009-01",0.0487049086326518,4653.20700183901,5696.21623913732,1604,0,-1604
"230","2009-02",0.048572407162832,3732.15575823341,4167.65915157151,1092,0,-1092
"231","2009-03",0.0484633777869311,3078.9503126817,3221.49167368764,865,0,-865
"232","2009-04",0.0483797104600975,2544.48549421903,1978.8417060059,543,2,-541
"233","2009-05",0.0483190529437944,2505.91469626171,1012.31084568461,183,22,-161
"234","2009-06",0.0482819375768191,3189.6504836042,564.911029074355,34,151,117
"235","2009-07",0.0482682262605929,3415.71774383402,478.325804107004,15,107,92
"236","2009-08",0.0482783035775631,3649.03393515305,458.758989676674,29,128,99
"237","2009-09",0.0483105084195176,2880.32511365028,462.869861342821,77,19,-58
"238","2009-10",0.0483674613412064,2601.1275963848,1344.38647537613,618,0,-618
"239","2009-11",0.0484490376295113,2759.703155467,1863.45071465362,659,0,-659
"240","2009-12",0.0485574409740359,3948.33082670375,4004.84185810958,1385,0,-1385
"241","2010-01",0.0486877914814516,4637.66280616893,5460.56922297241,1578,0,-1578
"242","2010-02",0.0488025251995533,3791.4946078528,4251.96720610897,1325,0,-1325
"243","2010-03",0.0489021368248553,3205.3127679791,2951.50085266922,813,0,-813
"244","2010-04",0.0489853436547376,2263.84875004898,1250.51776583883,311,5,-306
"245","2010-05",0.0490524856747825,2608.69204161946,926.170231928651,216,72,-144
"246","2010-06",0.0491038887941508,3592.56713124191,500.781751585313,0,183,183
"247","2010-07",0.0491377291552498,4532.25542638197,425.165829872803,0,305,305
"248","2010-08",0.0491542750635061,4421.59361513365,392.240308570513,0,295,295
"249","2010-09",0.0491537528235545,3030.22052458839,455.011517165127,106,45,-61
"250","2010-10",0.049137315046396,2404.48253834399,783.203035410696,356,1,-355
"251","2010-11",0.0491080186297756,2746.60016315808,2437.6517622058,816,0,-816
"252","2010-12",0.0490635169360162,4148.89756896201,4474.73639378964,1417,0,-1417
"253","2011-01",0.0490017578505268,4485.48484234209,5290.09849176482,1548,0,-1548
"254","2011-02",0.0489720995524707,3622.12058115856,3923.59317500542,1195,0,-1195
"255","2011-03",0.0489730314876615,3171.99760701169,3186.39889559888,941,0,-941
"256","2011-04",0.049000408875273,2359.27223065845,1791.60625302779,542,2,-540
"257","2011-05",0.0490573684682638,2672.16333532683,905.594829266867,235,55,-180
"258","2011-06",0.0491442007146061,3363.9105770472,515.495268588261,20,164,144
"259","2011-07",0.049257475316843,4666.63445440435,427.014492117962,0,398,398
"260","2011-08",0.0493999010489556,4084.34226837857,412.778415173626,1,215,214
"261","2011-09",0.0495696654150133,2823.98172720896,577.296566089902,207,48,-159
"262","2011-10",0.0497704514444083,2418.41064063884,960.364014492956,386,12,-374
"263","2011-11",0.0500021023318177,2685.37517711878,2179.05254009526,764,0,-764
"264","2011-12",0.05026283305638,3496.25344538772,3549.87732345564,1098,0,-1098
"265","2012-01",0.0505521739555877,3879.5137682755,3933.41545481914,1192,0,-1192
"266","2012-02",0.0508034926799015,3270.07764831452,3412.74757578751,1034,0,-1034
"267","2012-03",0.051010084791279,2743.89145035478,1726.82492244628,436,14,-422
"268","2012-04",0.0511752863190095,2207.10894647122,1177.30037957651,412,3,-409
"269","2012-05",0.0512990435485742,2853.91021143022,631.291118479996,87,83,-4
"270","2012-06",0.0513788644159253,3495.30300876297,467.569440242915,18,216,198
"271","2012-07",0.0514159963530119,4741.07951336758,401.521938852012,0,443,443
"272","2012-08",0.0514094784556333,3849.11824477332,412.963151464765,15,201,186
"273","2012-09",0.0513597984736342,2816.44385874861,554.576736826447,158,60,-98
"274","2012-10",0.0512697852466238,2461.68952343814,1135.37101985619,509,5,-504
"275","2012-11",0.0511394694865472,2880.81561258554,2229.99732982134,776,0,-776
"276","2012-12",0.0509689826319787,3401.00480636129,3592.17982431115,1151,0,-1151
"277","2013-01",0.0507579224285687,3996.20473094239,4538.02658733642,1334,0,-1334
"278","2013-02",0.0505961736499546,3481.67894814315,3747.73042531358,1148,0,-1148
"279","2013-03",0.0504792597542326,3519.58011633546,3629.76078749878,1128,0,-1128
"280","2013-04",0.0504068448960972,2548.49683120547,2064.82376729999,628,3,-625
"281","2013-05",0.0503819511381605,2549.85299507933,1012.90491988644,221,44,-177
"282","2013-06",0.0503987357751103,3050.28978285758,555.998578204091,41,165,124
"283","2013-07",0.0504624134246647,3741.89562498542,429.254736001783,15,243,228
"284","2013-08",0.0505702497148507,3619.04855000909,382.819614986367,6,224,218
"285","2013-09",0.0507221037092402,3001.61620491386,473.644794751603,76,123,47
"286","2013-10",0.0509202940906691,2582.86745318602,1172.16071497255,462,9,-453
"287","2013-11",0.0511644150750029,2843.17581497824,2543.58822343129,929,0,-929
"288","2013-12",0.0514573076474918,3988.4382019787,4871.10905660086,1476,0,-1476
"289","2014-01",0.0517950700089595,4701.63046333685,5709.41488279235,1579,0,-1579
"290","2014-02",0.0521087933296235,4092.79049592534,4791.3527290114,1473,0,-1473
"291","2014-03",0.0523975840474004,3462.98916891439,3733.37511765023,1092,0,-1092
"292","2014-04",0.0526597168251506,2422.10835035673,1830.39657311703,546,0,-546
"293","2014-05",0.0528946528256895,2513.31858128843,995.441334274368,201,63,-138
"294","2014-06",0.0531033806787694,3213.44288098223,504.676777771684,7,169,162
"295","2014-07",0.0532860720348895,3366.58717926729,415.578047914079,16,133,117
"296","2014-08",0.0534395499693433,3381.42049274806,382.63511817413,0,202,202
"297","2014-09",0.0535677003090908,2869.52085185401,525.982880727494,139,47,-92
"298","2014-10",0.0536705622898591,2416.48043278479,1122.55571007223,449,0,-449
"299","2014-11",0.0537490785054577,2989.72701374739,3010.65185086328,1065,0,-1065
"300","2014-12",0.0538042372820711,3644.62328914161,3691.23304279288,1127,0,-1127
"301","2015-01",0.0538345023604315,4215.33724705447,4554.04298083799,1347,0,-1347
"302","2015-02",0.0538652150796015,3880.43022497595,4709.03871078279,1436,0,-1436
"303","2015-03",0.0538913535368749,3476.91874960966,2764.4410157873,870,0,-870
"304","2015-04",0.0539129550580559,2240.25085475772,1429.07780021509,433,0,-433
"305","2015-05",0.0539307696066094,2493.04983995265,749.412709795726,178,33,-145
"306","2015-06",0.0539450089147963,3034.33071689919,484.172190737857,13,144,131
"307","2015-07",0.0539545555618526,3667.5954365552,412.832689746509,8,228,220
"308","2015-08",0.053959512399125,3601.75191474848,365.134548096538,26,149,123
"309","2015-09",0.0539612549578554,3006.05800794886,443.765508858958,54,150,96
"310","2015-10",0.0539591944265847,2354.34290838618,835.182485010704,377,0,-377
"311","2015-11",0.053957252752439,2415.94500169646,1906.33467820441,692,0,-692
"312","2015-12",0.053950837894652,3069.08998773251,3139.34420131468,968,0,-968
"313","2016-01",0.0539457558710993,3856.85720237348,4597.18590854791,1397,0,-1397
"314","2016-02",0.0539409267444134,3479.06684349588,3541.10465312086,1064,0,-1064
"315","2016-03",0.0539349052764237,2745.09840321787,2350.71880832539,714,0,-714
"316","2016-04",0.0539279635239942,2334.42903062364,1614.89832585631,465,1,-464
"317","2016-05",0.053920119784689,2414.64324765449,778.442261840696,204,41,-163
"318","2016-06",0.0539117805690865,3271.49103922429,408.626877925151,2,238,236
"319","2016-07",0.0539014428474638,3944.77682005343,407.417865762385,4,251,247
"320","2016-08",0.0538906405679005,4152.91461466404,363.679053840608,1,230,229
"321","2016-09",0.0538793841562157,3221.51915115293,459.570420551182,32,119,87
"322","2016-10",0.053867079618689,2423.30048561924,696.264345430695,278,12,-266
"323","2016-11",0.0538572109258062,2463.48740088614,1590.3710389935,604,0,-604
"324","2016-12",0.0538484696062306,3667.50732161512,4380.3866758047,1293,0,-1293
"325","2017-01",0.0538385242388425,3667.02311503952,4141.96412430802,1254,0,-1254
"326","2017-02",0.0538328378180362,2722.91950336761,2889.27234460408,852,0,-852
"327","2017-03",0.053826560021439,2800.71391171732,2777.90556038791,869,0,-869
"328","2017-04",0.0538201877942562,2219.29905395819,1394.14606474032,418,0,-418
"329","2017-05",0.0538126970617941,2445.97723096748,839.226998273159,214,25,-189
"330","2017-06",0.0538049649239384,3089.66608665545,439.27130436424,14,203,189
"331","2017-07",0.0537958973193911,3745.64151243015,353.780647957523,0,302,302
"332","2017-08",0.0537861771125334,3393.24626620325,380.161467924785,8,98,90
"333","2017-09",0.0537767191155599,2806.35505283099,387.621657788757,60,115,55
"334","2017-10",0.0537675768679977,2437.85111524197,1015.06217246391,371,8,-363
"335","2017-11",0.0537605951511594,2650.20769759205,2287.59970322265,837,0,-837
"336","2017-12",0.0537552870544349,3662.802216793,3878.87782900017,1270,0,-1270
