"","Date","Real GDP per capita (millions of chained 2012 dollars per person)","Electricity Sale to Residential Consumers per capita (MJ/person)","Natural Gas Deliveries to Residential Consumers per capita (MJ/person)","HDD","CDD","DD"
"1","1990-01",0.0212706006131884,1733.63713057856,2875.28975751481,725,0,-725
"2","1990-02",0.0212594966969878,1325.72042186528,2482.22634519904,588,0,-588
"3","1990-03",0.0212470473325568,1276.68047419,1878.55099790863,507,8,-499
"4","1990-04",0.0212278575504779,1174.44787782433,1476.18768000959,360,24,-336
"5","1990-05",0.0212106312051329,1069.01913494907,721.296566598944,115,35,-80
"6","1990-06",0.0211918626756505,1278.88978134931,470.847509933661,9,231,222
"7","1990-07",0.0211728879485339,1708.13452279919,404.946682275833,0,332,332
"8","1990-08",0.0211528698888691,1634.81096351605,378.829619613025,1,284,283
"9","1990-09",0.0211324113890671,1430.93737613419,404.196759385982,50,177,127
"10","1990-10",0.0211121357862828,1148.18973013545,971.362375500883,281,17,-264
"11","1990-11",0.0210956053889713,1179.23271549796,1686.37399060836,457,1,-456
"12","1990-12",0.02107945661314,1432.79714458976,2764.18261458382,775,0,-775
"13","1991-01",0.0210644200215134,1830.90660595416,3415.0047443427,965,0,-965
"14","1991-02",0.0210594351483586,1482.39994254158,2831.3806996447,727,0,-727
"15","1991-03",0.0210673757916184,1399.51217017488,2103.86847756834,525,2,-523
"16","1991-04",0.0210848621592504,1090.74510150936,1006.26477574246,202,15,-187
"17","1991-05",0.0211109831631818,1235.97927555439,529.167061687781,34,199,165
"18","1991-06",0.0211455328495249,1641.2371729177,403.607165643426,0,289,289
"19","1991-07",0.02119770253463,2001.22525727119,374.042365332304,0,397,397
"20","1991-08",0.0212601899103489,1840.95128911834,341.54673673783,0,322,322
"21","1991-09",0.0213340453451143,1496.32083148381,434.405531810971,80,205,125
"22","1991-10",0.0214206063627393,1171.44274001959,910.55064493828,231,33,-198
"23","1991-11",0.0215207684983061,1318.40012996018,2237.98252877625,631,0,-631
"24","1991-12",0.0216351422995085,1560.23810690911,2820.19440165299,764,0,-764
"25","1992-01",0.0217613692429272,1814.24595493136,3435.14913187747,923,0,-923
"26","1992-02",0.0218768661217519,1513.79092097759,2474.30434569252,676,0,-676
"27","1992-03",0.0219798404068532,1374.38807154939,2269.20665813729,611,0,-611
"28","1992-04",0.0220691792667702,1239.5024612548,1212.49686175134,304,22,-282
"29","1992-05",0.0221469627678798,1098.04296022288,761.138661049765,151,57,-94
"30","1992-06",0.0222126175069847,1251.43301445161,531.328007376918,21,134,113
"31","1992-07",0.0222669488414606,1804.73325675019,383.565507476241,0,346,346
"32","1992-08",0.0223080140227371,1591.79755172062,409.168192281729,3,186,183
"33","1992-09",0.0223390941142896,1313.49700279972,407.905711278208,53,120,67
"34","1992-10",0.0223594257884789,1117.51667015708,973.688077088531,306,3,-303
"35","1992-11",0.0223702958216562,1222.0060769424,2016.38820729482,562,0,-562
"36","1992-12",0.0223715433888786,1707.05555347882,3057.38602841657,886,0,-886
"37","1993-01",0.022361624378665,1776.22163232678,3206.62082682368,855,0,-855
"38","1993-02",0.0223668948219374,1581.55335818268,3205.21178452813,878,0,-878
"39","1993-03",0.0223858769457599,1653.39749056026,2643.66970493874,720,0,-720
"40","1993-04",0.0224166543294749,1236.60106492273,1432.9588047338,364,0,-364
"41","1993-05",0.0224605110378833,1053.9796213265,547.645780565463,71,58,-13
"42","1993-06",0.0225167262887624,1440.32020366637,490.456035041936,28,233,205
"43","1993-07",0.0225857634903091,2183.21910611252,369.428606531381,0,459,459
"44","1993-08",0.022666929013127,1960.79194790728,325.604279293322,0,352,352
"45","1993-09",0.0227620906683962,1249.80867754792,403.474107618743,52,116,64
"46","1993-10",0.0228708113499253,1093.44724458144,1103.14518933159,326,1,-325
"47","1993-11",0.0229949966699285,1344.01250624154,2175.13672654168,617,1,-616
"48","1993-12",0.0231333321993323,1676.35448595597,3286.99452315148,905,0,-905
"49","1994-01",0.0232850990828855,2261.92342991442,4420.09993624014,1199,0,-1199
"50","1994-02",0.0234269816307388,1735.59998495663,3012.4200458555,789,0,-789
"51","1994-03",0.023554757106679,1540.92789260632,2399.73031133298,648,0,-648
"52","1994-04",0.0236666356042853,1198.18820077306,1025.9252588022,236,25,-211
"53","1994-05",0.0237682677775852,1077.58476089382,658.841806587971,177,29,-148
"54","1994-06",0.0238555399681465,1667.54867663732,358.488681885237,2,294,292
"55","1994-07",0.0239297607222287,1975.30725722204,334.90598236871,0,345,345
"56","1994-08",0.023991039284137,1722.65276494243,344.018409727435,1,253,252
"57","1994-09",0.0240395195801516,1260.93184333419,369.003270222854,43,76,33
"58","1994-10",0.0240762627511775,1074.18225275847,799.82203277289,244,6,-238
"59","1994-11",0.0241023966659594,1182.6649927538,1476.33135792426,423,1,-422
"60","1994-12",0.024117026553328,1650.25783933892,2598.55524162361,734,0,-734
"61","1995-01",0.0241197406979498,1955.35142791559,3496.21384056927,941,0,-941
"62","1995-02",0.0241367859946323,1629.19665085528,3070.28007181527,856,0,-856
"63","1995-03",0.0241674931688005,1365.78188918679,2094.59625148542,533,0,-533
"64","1995-04",0.0242092726003927,1100.32710270249,1032.44923168091,291,17,-274
"65","1995-05",0.0242656577947677,1190.05889942309,678.365068447851,99,68,-31
"66","1995-06",0.024333573060488,1621.11234591045,318.497877891844,4,226,222
"67","1995-07",0.0244138826099244,2100.60675277802,340.543821654857,0,376,376
"68","1995-08",0.0245074832556904,2388.05961584415,315.518341426982,0,461,461
"69","1995-09",0.0246130605815927,1348.05500707189,376.658232610541,57,116,59
"70","1995-10",0.0247321935339375,1022.74711187849,880.50762522217,238,9,-229
"71","1995-11",0.0248676847752658,1533.76328338563,2593.38753585277,728,0,-728
"72","1995-12",0.0250185965982004,1921.88442369487,3463.69300063579,971,0,-971
"73","1996-01",0.0251841984795562,2280.19586802435,3831.2402078746,1026,0,-1026
"74","1996-02",0.0253125359164536,1919.13553400037,3150.19174707359,845,0,-845
"75","1996-03",0.0254024730285879,1640.69526247847,2878.22176319399,796,0,-796
"76","1996-04",0.0254535315759169,1333.93313786075,1561.2529805917,379,6,-373
"77","1996-05",0.025467965645271,1297.01836833123,632.320526712881,82,139,57
"78","1996-06",0.0254439952525066,1612.074863228,374.135343071302,3,236,233
"79","1996-07",0.0253828092302182,1917.2550100352,310.33966658714,0,281,281
"80","1996-08",0.0252829839123306,1903.83621340458,350.72472667361,0,302,302
"81","1996-09",0.0251464443113132,1415.81854315096,388.539071546678,55,109,54
"82","1996-10",0.0249741343245367,1114.99300884433,843.690839597745,246,3,-243
"83","1996-11",0.0247653766880636,1539.06381137221,2520.57897286833,723,0,-723
"84","1996-12",0.0245234950568332,1835.37209850059,2841.90858170409,766,0,-766
"85","1997-01",0.0242459189295998,2203.87209630541,3898.80624246865,1026,0,-1026
"86","1997-02",0.0241293098735414,1628.99700075074,2505.7351131155,656,0,-656
"87","1997-03",0.0241719147370791,1462.82911290351,2036.86625689911,520,0,-520
"88","1997-04",0.0243725469032444,1299.01878044797,1363.73375748779,445,1,-444
"89","1997-05",0.0247330072668354,1203.3371472589,824.234285969586,197,20,-177
"90","1997-06",0.0252513402190397,1395.91314684301,438.437267160943,21,177,156
"91","1997-07",0.0259277880931385,2193.76156168891,416.994769219895,0,358,358
"92","1997-08",0.0267600627129113,1913.39926812452,298.250573481903,1,256,255
"93","1997-09",0.0277508834752427,1381.15660007058,403.000031411295,27,114,87
"94","1997-10",0.0289004949385033,1258.64688950007,850.067212091247,303,46,-257
"95","1997-11",0.0302095331140309,1560.35924453484,2243.89489157071,678,0,-678
"96","1997-12",0.031677921893824,1843.53698271439,3097.18906464576,875,0,-875
"97","1998-01",0.0333024528710763,1986.24806924377,2932.78069468504,753,0,-753
"98","1998-02",0.0347736390394287,1577.61437724315,2351.06978835699,639,0,-639
"99","1998-03",0.0360888699819709,1636.60056400512,2252.92657407008,601,24,-577
"100","1998-04",0.0372433019224309,1138.84842664535,1085.79371575429,317,0,-317
"101","1998-05",0.0382415917020611,1304.69220862835,540.439849885663,40,139,99
"102","1998-06",0.0390833090020631,1714.41574556025,357.838902090793,17,284,267
"103","1998-07",0.0397689699783008,2143.98353927988,357.149215754233,0,353,353
"104","1998-08",0.0402974255996342,2134.7540319121,298.477303359614,0,340,340
"105","1998-09",0.0406721548819207,1812.3633463562,317.434513205207,8,265,257
"106","1998-10",0.0408932115390145,1272.05683245216,612.652614916415,200,33,-167
"107","1998-11",0.0409618464890295,1270.2091248579,1686.53602055285,494,0,-494
"108","1998-12",0.0408792574441675,1836.36762781484,2563.24471756628,749,0,-749
"109","1999-01",0.0406409971644794,2350.0561166933,3185.09080671182,876,0,-876
"110","1999-02",0.040414028424083,1581.98636924083,2404.33615376104,669,0,-669
"111","1999-03",0.0401913390105925,1762.47163415483,2536.90342818086,730,0,-730
"112","1999-04",0.0399685263070477,1264.12165837728,1125.09790111347,211,11,-200
"113","1999-05",0.039749589614676,1244.91580408461,493.586252508858,44,55,11
"114","1999-06",0.0395339998182403,1752.61385671349,364.516773778073,2,274,272
"115","1999-07",0.0393228439560381,2491.79931294266,320.029453585276,0,468,468
"116","1999-08",0.0391157834995222,2221.45788206438,323.85992233276,0,342,342
"117","1999-09",0.0389147891047452,1524.11961551294,380.697099184351,37,151,114
"118","1999-10",0.0387198954153278,1169.45090173081,718.488929662659,251,7,-244
"119","1999-11",0.0385338970626392,1311.55447883686,1474.744577236,411,0,-411
"120","1999-12",0.0383559059172974,1823.78388001238,2932.26116977545,823,0,-823
"121","2000-01",0.0381822873014327,2205.37505843159,3682.85643646121,976,0,-976
"122","2000-02",0.0380278694578638,1869.90965102151,2225.72366023716,640,0,-640
"123","2000-03",0.0378871781413701,1428.68386356925,1667.87484410599,473,0,-473
"124","2000-04",0.0377561857163041,1261.25308174157,1105.8702678867,332,1,-331
"125","2000-05",0.0376431628734101,1356.08854137102,380.272151654386,43,106,63
"126","2000-06",0.037541520557295,1755.18881264915,302.953931285625,6,270,264
"127","2000-07",0.0374504143401711,2069.10824676538,287.004038819492,0,312,312
"128","2000-08",0.0373741149208905,2041.22699492485,330.064768354643,0,313,313
"129","2000-09",0.0373099706464927,1628.86587725318,386.752962058483,68,142,74
"130","2000-10",0.0372595910314233,1303.49012436863,746.580463274284,194,36,-158
"131","2000-11",0.0372247372037216,1444.84095475367,2180.82865851712,627,2,-625
"132","2000-12",0.037202820859099,2419.99989538529,4088.58299913707,1197,0,-1197
"133","2001-01",0.0371969361109603,2584.83589567041,3377.35043437763,1033,0,-1033
"134","2001-02",0.0371998072342984,1816.73183517156,2392.70302558241,674,0,-674
"135","2001-03",0.0372090714588084,1695.29227679721,2460.93263567984,739,0,-739
"136","2001-04",0.037224136774569,1426.40361129123,660.70012446987,225,67,-158
"137","2001-05",0.0372470567861007,1360.03512418141,350.791594731791,48,100,52
"138","2001-06",0.0372751878512952,1605.88714055409,256.901632277359,13,204,191
"139","2001-07",0.0373108487886627,2075.41619105078,278.223586415649,0,349,349
"140","2001-08",0.0373525408852037,2280.61082556997,290.42021426825,0,378,378
"141","2001-09",0.0374003438556372,1744.95746063084,369.876459129408,72,131,59
"142","2001-10",0.0374626598567198,1298.16982897606,850.847793803419,271,14,-257
"143","2001-11",0.0375289554480417,1371.71251061712,1370.26447123583,393,0,-393
"144","2001-12",0.0376039885355493,1706.47210102856,2554.58076651503,704,0,-704
"145","2002-01",0.0376879784062791,2301.61790922877,2699.84513477829,826,0,-826
"146","2002-02",0.0377680669092689,1766.09802645839,2489.26283007204,731,0,-731
"147","2002-03",0.0378464429011589,1780.23386047943,2173.57277803525,612,0,-612
"148","2002-04",0.0379185290375135,1417.29648014298,975.741013702004,238,51,-187
"149","2002-05",0.0379852292607464,1335.76999622183,449.014936025503,142,65,-77
"150","2002-06",0.0380461925941183,1892.04982433073,300.127844786437,0,287,287
"151","2002-07",0.0381043453325523,2379.90000233375,274.440250603149,0,435,435
"152","2002-08",0.0381573540596462,2390.49703740884,293.113719608843,0,402,402
"153","2002-09",0.0382051917769207,1965.38775236563,289.464651419026,11,242,231
"154","2002-10",0.0382502207447839,1420.61946308712,812.673123728686,262,42,-220
"155","2002-11",0.038293185738144,1485.29204536967,1870.25553879125,635,0,-635
"156","2002-12",0.0383360290220167,2168.43966197152,3081.75416451464,881,0,-881
"157","2003-01",0.0383750760987168,2472.61981640033,3870.04447094362,1140,0,-1140
"158","2003-02",0.0384224451829027,2273.57779644228,3160.79508099111,893,0,-893
"159","2003-03",0.0384730566761645,1782.24924806289,1816.47147642926,511,0,-511
"160","2003-04",0.0385246099317825,1295.22219293646,942.926892132316,230,21,-209
"161","2003-05",0.0385773320740017,1342.25035556707,378.231692904215,68,56,-12
"162","2003-06",0.0386217308930136,1467.60205276421,322.504190344375,25,156,131
"163","2003-07",0.0386662372985079,2172.59408960963,304.316436668653,0,331,331
"164","2003-08",0.0387136317663858,2198.59409562641,274.555131490942,0,350,350
"165","2003-09",0.0387652717836256,1877.01160466001,387.436448303679,45,99,54
"166","2003-10",0.0388198426607271,1264.21109524716,692.180941008018,256,6,-250
"167","2003-11",0.0388783601080284,1365.51125442866,1372.97047015501,428,2,-426
"168","2003-12",0.0389431887298775,2083.74469043668,2822.1219195991,858,0,-858
"169","2004-01",0.0390119220144892,2475.74778968341,3490.52499064708,1024,0,-1024
"170","2004-02",0.0390841917803923,2225.9715179105,2692.07863745958,826,0,-826
"171","2004-03",0.0391567534649284,1701.04330256933,1723.48432841116,495,3,-492
"172","2004-04",0.0392255174567341,1415.9681762231,927.135189135601,278,14,-264
"173","2004-05",0.0392931971803714,1487.76937814973,389.39712881131,44,187,143
"174","2004-06",0.0393638786283782,1925.24386171963,297.111294160522,1,240,239
"175","2004-07",0.0394343721481724,2120.40151439093,280.404617054456,0,304,304
"176","2004-08",0.0395040185043472,1992.13177163708,274.441260014738,11,216,205
"177","2004-09",0.0395747165973359,1769.78593964239,295.960043920063,14,142,128
"178","2004-10",0.0396451215115034,1337.95853619858,503.866509356381,160,13,-147
"179","2004-11",0.039720097350747,1346.91751488483,1221.29353064266,446,1,-445
"180","2004-12",0.0397974612139789,2063.88565228994,2707.5474943518,900,0,-900
"181","2005-01",0.0398756251423213,2362.30052256953,2842.15442576521,813,0,-813
"182","2005-02",0.0399627742434686,1964.72320076995,2211.87206332176,691,0,-691
"183","2005-03",0.0400494872159855,1938.89729246693,2219.68315126098,709,0,-709
"184","2005-04",0.0401338679870692,1425.8547835245,879.064456669187,254,8,-246
"185","2005-05",0.0402185297641869,1377.32961527553,549.940701534995,154,44,-110
"186","2005-06",0.0403070620303511,1854.37463744397,301.169533920397,0,265,265
"187","2005-07",0.0403957284808445,2402.76325745873,287.162241004791,0,387,387
"188","2005-08",0.0404866126854661,2476.55018112668,274.474279608044,0,407,407
"189","2005-09",0.0405784907796564,2042.2657305635,254.013599809488,8,209,201
"190","2005-10",0.0406728662310744,1558.78391763686,617.800337679037,263,38,-225
"191","2005-11",0.0407755276457779,1470.25051699493,1367.95483144975,511,3,-508
"192","2005-12",0.0408764411168272,2321.29481010808,2796.74478951134,990,0,-990
"193","2006-01",0.0409819323343359,2208.49213169996,1999.00695966441,677,0,-677
"194","2006-02",0.041066755983365,1931.71541206212,2206.19599635736,806,0,-806
"195","2006-03",0.0411344100597368,1862.63920001747,1584.72144338637,598,1,-597
"196","2006-04",0.0411797941114318,1430.39602245679,723.128182657607,173,29,-144
"197","2006-05",0.0412059614734135,1320.89237426086,372.279097361118,139,68,-71
"198","2006-06",0.041209291896923,1777.37080669623,292.079382291106,1,194,193
"199","2006-07",0.0411914546277829,2325.45779736111,237.238379919153,0,371,371
"200","2006-08",0.0411549476194797,2501.64802566456,243.74803717768,0,390,390
"201","2006-09",0.0410959313957022,1692.73754245986,274.919255227029,56,72,16
"202","2006-10",0.0410198528568874,1399.16765155156,764.244320598267,330,11,-319
"203","2006-11",0.0409256926982745,1641.00150157627,1491.15652262027,529,0,-529
"204","2006-12",0.0408092023720602,2049.0180542219,2024.15749714682,712,0,-712
"205","2007-01",0.040676140654939,2181.5595653913,2501.10589409168,835,0,-835
"206","2007-02",0.0405641334768988,2442.71608758233,2803.0962330656,1007,0,-1007
"207","2007-03",0.0404716319867336,1897.35384007263,1514.63771472828,392,18,-374
"208","2007-04",0.0403943590290714,1450.94695078096,1046.09271662796,364,20,-344
"209","2007-05",0.0403359364220576,1569.62847510604,402.257782640748,42,131,89
"210","2007-06",0.0402933642845917,1937.75176409498,253.75854858609,0,269,269
"211","2007-07",0.0402666583840414,2279.68571459392,245.908299189771,0,313,313
"212","2007-08",0.0402574314155083,2583.7465491054,236.026979647983,0,504,504
"213","2007-09",0.0402659863630344,2171.14809334598,240.694505405986,13,252,239
"214","2007-10",0.0402942958818246,1563.65627064726,439.776660575733,159,81,-78
"215","2007-11",0.0403398977748247,1541.03963475983,1303.63295459397,569,0,-569
"216","2007-12",0.0404048597826777,2068.34904326249,2186.47029687686,738,0,-738
"217","2008-01",0.040490203302872,2426.38671711502,2935.86958872428,977,0,-977
"218","2008-02",0.0405424192002354,2266.61370952292,2403.56943024688,807,0,-807
"219","2008-03",0.0405599884309108,1986.07505423077,1867.02677931763,628,0,-628
"220","2008-04",0.0405458153391545,1489.32406305659,907.672425886621,286,9,-277
"221","2008-05",0.0404940197979477,1334.71684443991,425.542013635634,79,36,-43
"222","2008-06",0.0404089149015352,1927.67121123156,234.59535128633,0,303,303
"223","2008-07",0.0402884045067822,2223.41369512278,249.419235508689,0,321,321
"224","2008-08",0.0401325768629466,2217.39171094082,211.274552790667,0,282,282
"225","2008-09",0.0399438244206172,1845.92982640761,204.82846348217,2,180,178
"226","2008-10",0.0397226677411098,1458.4640994802,581.529941477853,284,19,-265
"227","2008-11",0.0394688432411704,1684.1933308779,1511.82688549115,661,0,-661
"228","2008-12",0.0391843763931233,2281.23426524199,2425.79442553352,867,0,-867
"229","2009-01",0.0388648630425109,2523.78825365637,3071.58947470783,1077,0,-1077
"230","2009-02",0.0385957310644223,2162.68172655808,2078.04087910954,746,0,-746
"231","2009-03",0.0383734813660101,1785.58364979701,1401.09489208256,528,0,-528
"232","2009-04",0.0382003200913591,1506.10410167488,827.218468844323,310,33,-277
"233","2009-05",0.0380733719465172,1423.58873292696,379.212927502615,77,78,1
"234","2009-06",0.0379932534526745,1845.48466016881,242.57992683011,4,274,270
"235","2009-07",0.0379597923135559,2028.22679807788,266.621501978783,2,211,209
"236","2009-08",0.0379734584301159,2072.46648772149,247.303995658869,1,267,266
"237","2009-09",0.0380322903929136,1703.38935559253,255.671702953068,22,141,119
"238","2009-10",0.0381394705494936,1438.63307127407,700.796782657242,353,0,-353
"239","2009-11",0.0382949251623939,1469.74576614315,1085.43139269327,498,0,-498
"240","2009-12",0.0385014232947976,2206.72453323373,2508.03742878083,903,0,-903
"241","2010-01",0.0387532097958126,2673.62355502551,2989.77399537614,1101,0,-1101
"242","2010-02",0.0389815441787604,2443.17698219183,2757.45765985211,979,0,-979
"243","2010-03",0.0391870244410911,1887.37138107794,1572.86547483788,586,0,-586
"244","2010-04",0.0393680748364833,1372.76069614643,462.699286153999,185,21,-164
"245","2010-05",0.0395251029858126,1462.16850289537,260.739567460894,59,131,72
"246","2010-06",0.0396585094375684,2122.81663668111,224.083077806888,0,368,368
"247","2010-07",0.0397660382859606,2541.29462927418,211.209657898342,0,419,419
"248","2010-08",0.039848018838972,2482.46610975061,209.840696285018,0,413,413
"249","2010-09",0.0399047397391474,1879.64475387225,220.707001901427,23,174,151
"250","2010-10",0.0399376533573476,1317.40138664168,463.637271904509,217,9,-208
"251","2010-11",0.039950598279031,1430.04966013485,1227.97035074253,530,0,-530
"252","2010-12",0.0399406866757694,2514.44336788601,3007.15358067268,1119,0,-1119
"253","2011-01",0.0399053935560339,2668.19173329268,3178.58595867337,1088,0,-1088
"254","2011-02",0.0398795185672914,2054.00605492246,2080.04955180694,728,0,-728
"255","2011-03",0.0398611654992114,1698.61271833157,1628.15667334188,549,1,-548
"256","2011-04",0.0398451655213879,1394.27233830597,643.596837051182,209,28,-181
"257","2011-05",0.0398354327011918,1456.64384026811,446.704946984292,135,114,-21
"258","2011-06",0.0398323354039062,1942.39963084207,261.381453759946,1,281,280
"259","2011-07",0.0398316404265075,2427.97750649471,203.06117187694,0,456,456
"260","2011-08",0.0398367405458816,2403.6119796268,207.221185515071,0,342,342
"261","2011-09",0.0398454398819956,1706.74062798283,231.509357607928,60,106,46
"262","2011-10",0.039862313458042,1317.01527143032,589.147663011933,299,1,-298
"263","2011-11",0.0398871887712281,1424.25213773754,1158.34315591718,452,1,-451
"264","2011-12",0.0399179192585818,1921.25188485957,1992.83341663423,738,0,-738
"265","2012-01",0.0399539906755781,2165.60294997134,2372.06551409397,812,0,-812
"266","2012-02",0.0399973920925716,1846.78956892397,1886.91856505299,702,0,-702
"267","2012-03",0.0400399965184229,1491.31222842896,909.706584719162,257,26,-231
"268","2012-04",0.0400857980240954,1298.40409696565,521.269167447349,258,21,-237
"269","2012-05",0.0401346943280389,1561.14218049997,289.114118383989,25,166,141
"270","2012-06",0.0401836656836339,1886.63942766604,238.665812105923,12,242,230
"271","2012-07",0.0402341630393103,2483.64209714125,195.929993931508,0,483,483
"272","2012-08",0.0402849817759273,2217.28220022538,207.258725751283,0,297,297
"273","2012-09",0.0403366392244008,1668.73512845316,232.941481996377,55,122,67
"274","2012-10",0.0403924677933202,1329.71189862584,562.306289004195,317,2,-315
"275","2012-11",0.0404524546403944,1601.37386627516,1387.67835515744,652,0,-652
"276","2012-12",0.0405167149548844,1881.14252395187,1877.86266964676,680,0,-680
"277","2013-01",0.0405847188614331,2249.42721022031,2526.6670241035,875,0,-875
"278","2013-02",0.0406490145263065,1977.61586325969,2164.70445664614,803,0,-803
"279","2013-03",0.0407042134351437,1986.97823940596,2141.97671084011,799,0,-799
"280","2013-04",0.040749968957674,1494.34057650686,803.505229971622,310,24,-286
"281","2013-05",0.0407901068097857,1442.93954764208,412.185291275109,89,95,6
"282","2013-06",0.0408174708611548,1744.08447138951,248.175062433421,0,245,245
"283","2013-07",0.040838623150971,2090.20267122179,232.54180673827,0,283,283
"284","2013-08",0.0408502728396338,2061.61511494994,211.473790248831,2,286,284
"285","2013-09",0.0408523590486367,1728.6880935881,221.281865337915,24,145,121
"286","2013-10",0.0408478603027209,1394.35247132837,513.783524623365,264,35,-229
"287","2013-11",0.0408363752839649,1583.04214922304,1552.28291761877,673,0,-673
"288","2013-12",0.04082145810468,2169.29669005103,2370.61877161455,853,0,-853
"289","2014-01",0.0407984128500927,2707.96162460022,3362.38884745554,1185,0,-1185
"290","2014-02",0.0407810188281146,2381.84634482236,2612.96915918924,904,0,-904
"291","2014-03",0.040768140803445,1980.00773326068,1946.40401930928,725,0,-725
"292","2014-04",0.0407576860339139,1366.16564787233,786.603622639752,226,3,-223
"293","2014-05",0.0407490074104547,1446.98694099036,385.465666881505,91,126,35
"294","2014-06",0.0407432659930546,1815.29164157234,222.901353805329,0,279,279
"295","2014-07",0.0407406429317121,1966.71784201833,192.040791093444,3,234,231
"296","2014-08",0.0407373931273788,1988.46127887322,198.635616707305,0,313,313
"297","2014-09",0.0407380609830434,1682.04186673251,238.980597158354,36,138,102
"298","2014-10",0.0407426584393673,1333.24364872862,457.130967110314,248,14,-234
"299","2014-11",0.0407522525985075,1651.35284025026,1698.52508558696,748,0,-748
"300","2014-12",0.0407679637358991,2046.32030849752,2096.7556608407,784,0,-784
"301","2015-01",0.0407879765093602,2365.44754726292,2846.35210428005,1013,0,-1013
"302","2015-02",0.0408095530550662,2364.66116187221,2959.55602522997,1083,0,-1083
"303","2015-03",0.0408268506515609,1969.84088122936,1741.77614220076,641,0,-641
"304","2015-04",0.0408399210269644,1304.79062786579,568.101498281543,246,8,-238
"305","2015-05",0.0408496464937743,1429.47263068395,299.365750375164,53,132,79
"306","2015-06",0.0408562819841743,1782.9531329453,221.337799491747,9,290,281
"307","2015-07",0.0408585332358841,2122.31097960457,221.030678431834,0,359,359
"308","2015-08",0.0408565281994954,2029.47737267077,218.501286133855,0,243,243
"309","2015-09",0.0408518775971867,1717.90575703817,217.446069071697,13,169,156
"310","2015-10",0.0408439028339726,1293.5879987892,402.807578376591,235,13,-222
"311","2015-11",0.0408371795179291,1317.18877163552,1023.20075251397,421,2,-419
"312","2015-12",0.0408263648097373,1608.06110903936,1436.74825807626,507,0,-507
"313","2016-01",0.0408182271047268,2255.29823650062,2614.02998705339,1022,0,-1022
"314","2016-02",0.0408177911341374,2014.67255364062,2093.84260279673,763,0,-763
"315","2016-03",0.0408233767920684,1550.20710504837,1142.01110360778,423,0,-423
"316","2016-04",0.0408353037401896,1308.43890137324,645.802257378666,238,16,-222
"317","2016-05",0.040853595938488,1332.34073817486,365.606933803829,130,72,-58
"318","2016-06",0.0408787304808796,1836.64589621841,199.301501417477,0,309,309
"319","2016-07",0.0409089545480548,2232.68279261547,177.181426795474,0,406,406
"320","2016-08",0.0409460609055281,2298.17100158691,189.61666347004,0,414,414
"321","2016-09",0.040990065625158,1899.32958497869,189.062114620448,11,270,259
"322","2016-10",0.0410402759933773,1366.73955428396,315.314204000896,94,73,-21
"323","2016-11",0.0411007896461319,1328.02713101237,945.42059180776,459,10,-449
"324","2016-12",0.0411700907324864,1952.26278054836,2276.69867745167,861,0,-861
"325","2017-01",0.0412454465232458,2083.76224753654,2021.66047284185,739,0,-739
"326","2017-02",0.0413168105439393,1569.88778688837,1368.77368769953,531,1,-530
"327","2017-03",0.0413784764966709,1582.36600818452,1380.88238310703,540,1,-539
"328","2017-04",0.0414310428558835,1276.49154033957,496.652209038769,135,45,-90
"329","2017-05",0.0414733036788218,1462.27866182644,290.255298569384,91,98,7
"330","2017-06",0.0415063093446402,1710.89564900519,189.757593556312,4,218,214
"331","2017-07",0.0415287683050479,2177.0825286361,175.50411033726,0,380,380
"332","2017-08",0.0415415022741347,1974.14100008871,191.262169947792,0,258,258
"333","2017-09",0.0415456106736831,1554.76156531926,237.715768900142,37,136,99
"334","2017-10",0.0415411671429368,1350.07325602302,491.944872919139,214,48,-166
"335","2017-11",0.0415303736919763,1468.47952070539,1291.81854831105,528,2,-526
"336","2017-12",0.0415126531112872,2035.07319741112,2420.24882593031,902,0,-902
