"","Date","Real GDP per capita (millions of chained 2012 dollars per person)","Electricity Sale to Residential Consumers per capita (MJ/person)","Natural Gas Deliveries to Residential Consumers per capita (MJ/person)","HDD","CDD","DD"
"1","1990-01",0.0286922053723429,1760.96050712013,3158.36140746588,742,0,-742
"2","1990-02",0.0286651077807277,1216.66750150743,2063.94225849563,631,0,-631
"3","1990-03",0.0286297634581239,1209.4701917893,2022.07926803906,554,18,-536
"4","1990-04",0.028577092565598,1096.21773596162,1575.39313624202,348,36,-312
"5","1990-05",0.0285218132963832,912.993675629204,816.11479669601,114,23,-91
"6","1990-06",0.0284580324747746,943.757512510099,609.217994356026,8,230,222
"7","1990-07",0.0283880190827187,1390.66233174033,504.170478447507,0,374,374
"8","1990-08",0.0283103872605332,1407.48147727881,453.971462062644,1,278,277
"9","1990-09",0.0282261674371854,1263.72611848871,472.37770125302,65,126,61
"10","1990-10",0.0281364131768623,912.906756694917,609.332008562809,202,63,-139
"11","1990-11",0.028047038504067,959.635423430986,1100.86354340875,467,0,-467
"12","1990-12",0.027952427747576,1263.04662818443,1844.17300403524,732,0,-732
"13","1991-01",0.0278537779577927,1474.26346426415,2694.79883290101,942,0,-942
"14","1991-02",0.0277626670256819,1346.77064249856,2341.24832597788,688,0,-688
"15","1991-03",0.0276837880723524,1216.67277000837,2046.85909142881,582,1,-581
"16","1991-04",0.0276115925858309,1006.66399906649,1339.97228010912,287,25,-262
"17","1991-05",0.0275446367156864,1029.21331605989,724.73128113835,40,207,167
"18","1991-06",0.0274826552508953,1281.95641798651,524.225562577043,4,278,274
"19","1991-07",0.0274405134519634,1545.35273485718,491.177714290115,0,433,433
"20","1991-08",0.0274064277865352,1525.59345850462,458.614174429632,0,383,383
"21","1991-09",0.0273821427789768,1222.17485293805,487.473300274853,61,160,99
"22","1991-10",0.0273698407973202,1008.09860504357,831.828174924759,248,23,-225
"23","1991-11",0.0273709789635824,1091.89788164815,1491.85831185371,558,1,-557
"24","1991-12",0.0273865514965295,1298.1303653971,2241.6689747621,777,0,-777
"25","1992-01",0.0274128965870537,1539.42480831142,2798.35281031483,906,0,-906
"26","1992-02",0.0274381296736518,1442.66614078817,2603.73609112411,761,0,-761
"27","1992-03",0.0274594044498946,1287.55409601949,2182.96372611574,701,0,-701
"28","1992-04",0.0274749688290952,1106.92039393092,1590.97088102873,347,5,-342
"29","1992-05",0.0274880215619101,933.244053773648,898.881091831478,174,33,-141
"30","1992-06",0.0274976352982985,995.492060808818,577.648066862683,13,145,132
"31","1992-07",0.027505012622882,1309.5149400758,482.237255352768,0,364,364
"32","1992-08",0.0275071269305472,1313.38670757238,462.795404755683,2,217,215
"33","1992-09",0.0275089821062824,1088.72038219047,453.259481725296,58,122,64
"34","1992-10",0.0275093614863453,997.472109735551,902.251636777108,354,1,-353
"35","1992-11",0.0275101987206786,1073.04253677963,1530.66816363524,547,0,-547
"36","1992-12",0.0275112131922747,1425.93488934733,2358.18041810131,858,0,-858
"37","1993-01",0.0275100107205124,1507.66227204488,2654.15118001929,855,0,-855
"38","1993-02",0.0275204958310396,1449.99148865913,2880.67519924396,930,0,-930
"39","1993-03",0.0275404331830411,1517.40328342886,2755.1291794158,785,0,-785
"40","1993-04",0.0275669111370645,1122.33478677338,1486.61754408242,364,0,-364
"41","1993-05",0.0276019275790748,975.768560760503,769.976991145422,57,71,14
"42","1993-06",0.0276444059720414,1150.5499016889,549.490518409676,10,227,217
"43","1993-07",0.0276950848411405,1634.49857478728,437.075809533561,0,452,452
"44","1993-08",0.0277529324445709,1508.26418624079,426.489347765653,0,365,365
"45","1993-09",0.0278208274788733,1266.02175128622,474.713977961571,49,176,127
"46","1993-10",0.0278981203230762,988.874891979997,804.34402516157,286,2,-284
"47","1993-11",0.0279877182198102,1114.846372348,1471.07584182287,560,5,-555
"48","1993-12",0.0280876227007014,1458.96305173072,2385.44486332773,919,0,-919
"49","1994-01",0.0281967492887023,1814.84538887363,3423.91027976152,1236,0,-1236
"50","1994-02",0.028297614746262,1692.5991500704,3105.03173614353,902,0,-902
"51","1994-03",0.0283838492713051,1468.99592785985,2374.97404889963,701,1,-700
"52","1994-04",0.0284527892208603,1038.04707449924,1303.42238851431,190,38,-152
"53","1994-05",0.0285129144125651,981.215106123321,823.226135666354,163,49,-114
"54","1994-06",0.0285580632928468,1292.09549657692,568.464883142136,3,352,349
"55","1994-07",0.0285901967214786,1647.76693229336,447.551348903588,0,442,442
"56","1994-08",0.0286094758318744,1411.88197079832,418.811832994931,2,271,269
"57","1994-09",0.0286161104241102,1028.39325983606,475.87761390911,26,113,87
"58","1994-10",0.0286116656304937,914.053469082892,737.459244586404,276,6,-270
"59","1994-11",0.0285977943230554,1054.35186034925,1191.34830095265,415,3,-412
"60","1994-12",0.0285731532107103,1305.91791060263,2044.19511804229,731,0,-731
"61","1995-01",0.0285371188203402,1535.49558157919,2710.7896967725,864,0,-864
"62","1995-02",0.0285199246775073,1462.00953837693,2900.61058498691,934,0,-934
"63","1995-03",0.0285205978524735,1318.53923199699,2091.01424708546,559,0,-559
"64","1995-04",0.0285353449080852,1004.01494142355,1335.27426162792,319,10,-309
"65","1995-05",0.0285693767472624,968.119169685923,802.001054542669,95,64,-31
"66","1995-06",0.0286181855408188,1198.13476025702,487.37165232814,1,251,250
"67","1995-07",0.0286830526079158,1612.51436952696,425.17801850384,0,461,461
"68","1995-08",0.0287652991906483,1728.71171428598,411.128954736799,0,431,431
"69","1995-09",0.0288630050202134,1173.3529283335,457.10410597315,39,162,123
"70","1995-10",0.0289784823495217,1010.45912252339,638.483126585501,170,47,-123
"71","1995-11",0.0291158201746491,1239.47389820013,1657.12550661073,700,1,-699
"72","1995-12",0.0292736363429427,1681.83410657003,2829.65341175023,1007,0,-1007
"73","1996-01",0.0294508540416289,1879.47641178333,3472.74623835644,1081,0,-1081
"74","1996-02",0.0295792489515664,1685.92826130907,3109.52757801188,890,0,-890
"75","1996-03",0.0296571619688232,1489.19236810568,2569.6672519511,785,0,-785
"76","1996-04",0.0296838976208299,1150.6060343783,1578.7021070834,309,23,-286
"77","1996-05",0.0296627347642821,1036.19019409156,899.291690561948,173,84,-89
"78","1996-06",0.0295910844202775,1325.50520054982,588.67419400474,3,294,291
"79","1996-07",0.0294706729963345,1461.54337310023,464.532005935423,0,320,320
"80","1996-08",0.0292994407669525,1385.947259132,447.934413173544,0,297,297
"81","1996-09",0.0290801753022808,1153.20009068054,478.638261792179,29,147,118
"82","1996-10",0.0288142301584441,1009.75447902807,810.147496624308,237,3,-234
"83","1996-11",0.0285006188610348,1257.06300866853,1695.50391833115,709,0,-709
"84","1996-12",0.0281440897738514,1531.04179290913,2473.66466936317,766,0,-766
"85","1997-01",0.0277409244449365,1702.60179710438,3026.83607610773,976,0,-976
"86","1997-02",0.0275443000955297,1360.68538191611,2585.84400149436,662,0,-662
"87","1997-03",0.0275517686158406,1307.58500900683,2035.4503869964,582,0,-582
"88","1997-04",0.0277616936963123,1044.97747511023,1493.61532102263,378,0,-378
"89","1997-05",0.0281766730941291,1018.36469636297,910.289185154335,145,29,-116
"90","1997-06",0.0287939584783376,1186.00360529541,577.748819588268,35,244,209
"91","1997-07",0.0296139152955938,1573.72074156893,411.053521253579,0,411,411
"92","1997-08",0.0306332938255885,1481.01598632978,387.640809778589,0,316,316
"93","1997-09",0.0318559750382481,1095.04455877279,445.00597076922,38,135,97
"94","1997-10",0.0332823303146041,1041.93342387712,762.14738580556,284,55,-229
"95","1997-11",0.0349133083141648,1229.75177462838,1696.83247194627,629,0,-629
"96","1997-12",0.0367488517463312,1465.59675671642,2390.79947458296,825,0,-825
"97","1998-01",0.0387843653819555,1512.94206703391,2574.32088496518,739,0,-739
"98","1998-02",0.0406229197988684,1320.38919525904,2396.8426045265,650,0,-650
"99","1998-03",0.0422606610821694,1375.52207945853,2079.46877563224,609,35,-574
"100","1998-04",0.0436904269614959,1017.63024514304,1238.38043499843,246,11,-235
"101","1998-05",0.0449189340282561,1042.74617832808,652.72711204832,52,126,74
"102","1998-06",0.0459454941960937,1290.6893670804,457.997049727892,21,240,219
"103","1998-07",0.0467708157397569,1575.30372678837,401.076715600045,0,381,381
"104","1998-08",0.047393179859969,1596.23310398863,407.310043111615,0,382,382
"105","1998-09",0.0478176637373545,1367.26856532564,402.45400601116,9,269,260
"106","1998-10",0.0480443327864526,1089.33433941924,612.057380804079,207,8,-199
"107","1998-11",0.0480750108417943,1133.09962645771,1386.13334435522,505,0,-505
"108","1998-12",0.0479114421574424,1402.98121313535,1971.53007341634,693,2,-691
"109","1999-01",0.0475471358993693,1696.49749668509,3148.55665479781,886,0,-886
"110","1999-02",0.0472356622674038,1378.28742165954,2358.83464719452,736,0,-736
"111","1999-03",0.046966779782624,1446.82755575562,2424.00370149959,695,0,-695
"112","1999-04",0.0467340162100148,1090.49997368793,1314.58717915506,299,0,-299
"113","1999-05",0.0465430586228234,999.195886460016,707.115128219948,60,68,8
"114","1999-06",0.0463929342695229,1353.59566301035,464.637122910182,4,236,232
"115","1999-07",0.0462849646494973,1770.50467211557,404.956701935665,0,488,488
"116","1999-08",0.0462183289994891,1714.17046656507,369.132503450717,0,365,365
"117","1999-09",0.0461955460881418,1202.86846029626,414.858303946926,30,147,117
"118","1999-10",0.046216257397602,995.791237965319,747.392820125347,298,2,-296
"119","1999-11",0.046284177644739,1095.07790481458,1319.79590131189,402,0,-402
"120","1999-12",0.0463975508956848,1508.61719118547,2239.17976798249,793,0,-793
"121","2000-01",0.0465503963158407,1655.69176140363,3121.12240014376,990,0,-990
"122","2000-02",0.0467037889971707,1532.1487519755,3046.86404244729,743,0,-743
"123","2000-03",0.046850003748395,1239.753070304,1841.42084070674,482,1,-481
"124","2000-04",0.0469832848921339,1038.10835512744,1361.3128441121,324,2,-322
"125","2000-05",0.0471167900610147,1162.01125162388,699.297906740858,83,113,30
"126","2000-06",0.0472407257104939,1376.58685047581,468.784979309758,3,276,273
"127","2000-07",0.0473540556518737,1626.34338717549,400.828392965625,0,268,268
"128","2000-08",0.0474637334109705,1400.31594917604,402.040120332818,0,283,283
"129","2000-09",0.0475658507944561,1169.0079547352,423.485915438174,76,127,51
"130","2000-10",0.0476631436640247,1058.61914955659,782.867844501545,221,19,-202
"131","2000-11",0.047758573462442,1218.63566271374,1666.19016077619,611,0,-611
"132","2000-12",0.0478481663118874,1760.49647435701,3211.90328798282,1096,0,-1096
"133","2001-01",0.04793691083779,1870.64739053504,3216.24714381726,1011,0,-1011
"134","2001-02",0.0480321747781085,1488.11708074664,2341.47674728263,739,0,-739
"135","2001-03",0.0481301337243694,1423.57030171092,2106.28319236676,737,0,-737
"136","2001-04",0.0482297776688907,1205.2720070007,1210.94000193902,300,23,-277
"137","2001-05",0.0483343265269374,1061.03380813781,547.351018315545,74,51,-23
"138","2001-06",0.0484395058573006,1382.23347811777,398.428398506428,6,281,275
"139","2001-07",0.0485489753269751,1490.11698478725,325.746843210016,0,287,287
"140","2001-08",0.0486602979840476,1664.53923843314,327.067453490973,0,390,390
"141","2001-09",0.0487735659184071,1219.0344303427,341.198697640093,55,123,68
"142","2001-10",0.0489022133128114,1057.34955917631,920.389507137407,250,21,-229
"143","2001-11",0.0490293441021779,1092.7219145923,1045.19098849652,393,1,-392
"144","2001-12",0.0491625625800783,1320.52481757039,1679.42406366977,682,0,-682
"145","2002-01",0.0493022065561346,1490.78195167448,2620.54043630816,793,0,-793
"146","2002-02",0.0494307226932768,1345.84352456491,2417.26145918545,682,0,-682
"147","2002-03",0.0495516389394934,1312.54800209789,1971.00931723448,593,0,-593
"148","2002-04",0.0496576375857249,1147.15303911747,961.89808104578,278,66,-212
"149","2002-05",0.0497501879394555,1061.30315757409,626.756279481346,123,75,-48
"150","2002-06",0.0498287492695908,1464.19704622413,417.574365819192,0,279,279
"151","2002-07",0.0498980261896284,1764.30623460381,330.961339458027,0,441,441
"152","2002-08",0.0499543023276634,1858.65675498086,327.580422324613,1,428,427
"153","2002-09",0.0499975560051075,1392.82066960304,410.786814944235,4,178,174
"154","2002-10",0.0500315796840181,1124.75017745397,1012.41417835218,305,50,-255
"155","2002-11",0.0500575725246123,1206.97334898674,1957.55075313245,597,0,-597
"156","2002-12",0.0500786348156209,1696.80785521877,3129.15014801856,946,0,-946
"157","2003-01",0.0500889141871215,1866.15786673747,3606.109269333,1137,0,-1137
"158","2003-02",0.0501262382577694,1776.91498557742,3241.80488687645,962,0,-962
"159","2003-03",0.0501824814844356,1596.65619345722,2301.13372557353,643,0,-643
"160","2003-04",0.0502539584038128,1233.49877333708,1349.46381118956,352,5,-347
"161","2003-05",0.0503410035494937,1077.88566849391,773.796647488868,164,18,-146
"162","2003-06",0.0504284965428632,1175.15322282992,467.725556013433,29,177,148
"163","2003-07",0.0505297926473532,1675.23346962501,365.98162243131,0,349,349
"164","2003-08",0.0506492725547917,1745.61910397969,362.640941731208,0,372,372
"165","2003-09",0.0507890659740162,1493.78872113684,379.075568451958,20,125,105
"166","2003-10",0.0509470530201272,1058.69316089482,937.832635443751,313,0,-313
"167","2003-11",0.05112483433189,1131.75846152513,1495.559459416,427,8,-419
"168","2003-12",0.0513261910218237,1639.54499490409,2851.764593203,887,0,-887
"169","2004-01",0.0515472807686672,1924.45902639986,3982.44338491479,1164,0,-1164
"170","2004-02",0.0517707117546669,1823.63063539092,2968.45896686681,903,0,-903
"171","2004-03",0.0519912859432595,1484.92580773803,2012.41923253324,588,0,-588
"172","2004-04",0.0522023892591384,1323.21023896301,1251.14243395279,327,26,-301
"173","2004-05",0.0524083856779319,1263.47366461032,525.337903215205,42,203,161
"174","2004-06",0.052615911363566,1478.46657902031,328.521493546971,10,200,190
"175","2004-07",0.0528198091379096,1627.80636524471,328.695346071493,0,347,347
"176","2004-08",0.0530190098554925,1686.67405489147,400.521365052091,1,287,286
"177","2004-09",0.0532166207979441,1444.32104921622,338.702605337895,13,147,134
"178","2004-10",0.0534104604332919,1218.93190932263,849.86850617106,283,2,-281
"179","2004-11",0.0536085228437246,1215.11306078506,1469.26803359558,486,0,-486
"180","2004-12",0.0538072743229898,1666.63450181461,2675.95000555057,808,0,-808
"181","2005-01",0.0540041354411423,1831.46852044476,3277.95620368773,985,0,-985
"182","2005-02",0.0542003136199617,1592.76817619918,2649.64992394126,798,0,-798
"183","2005-03",0.0543803387465421,1576.03032614441,2428.03571993169,794,0,-794
"184","2005-04",0.0545411032537577,1118.04492417248,1129.282400287,332,5,-327
"185","2005-05",0.0546869596620895,1079.81745302004,688.259194019111,212,7,-205
"186","2005-06",0.0548238964751362,1549.6129789927,434.772284354554,10,235,225
"187","2005-07",0.054945781065097,1878.1672619029,348.35796760455,0,388,388
"188","2005-08",0.0550561142128048,1934.58831786627,345.600563863889,0,385,385
"189","2005-09",0.0551529226025855,1563.20468784239,301.973897869185,12,198,186
"190","2005-10",0.0552387492097063,1187.14603049434,751.262848929721,260,21,-239
"191","2005-11",0.0553232163222197,1267.85832682466,1539.45620628726,517,0,-517
"192","2005-12",0.0553897747636779,1761.46284054681,2989.56357787311,996,0,-996
"193","2006-01",0.0554489288634278,1632.20443517088,2426.34895953735,738,0,-738
"194","2006-02",0.0554973755168497,1576.63273571535,2554.58698417435,801,0,-801
"195","2006-03",0.055540844088818,1511.55789380944,1821.05282789435,626,0,-626
"196","2006-04",0.0555708949170252,1115.78381927346,872.782680161836,255,4,-251
"197","2006-05",0.0555925247401719,1089.43183758386,491.184527272102,135,58,-77
"198","2006-06",0.0555997335508508,1399.83135405303,386.055283396229,5,225,220
"199","2006-07",0.055595228886508,1861.84634990537,323.66170483594,0,414,414
"200","2006-08",0.0555830881155488,1876.83451982345,316.29955921961,0,393,393
"201","2006-09",0.0555569297945185,1269.43636278651,414.697638211498,42,61,19
"202","2006-10",0.0555257097880406,1148.38648479598,843.360963480268,299,9,-290
"203","2006-11",0.0554877179376058,1228.82491807001,1457.79886061776,474,0,-474
"204","2006-12",0.0554358649950243,1548.50126228201,2059.80790895638,680,1,-679
"205","2007-01",0.0553796788544083,1677.71231506846,2598.76995898277,805,0,-805
"206","2007-02",0.0553413861823692,1885.97866236696,3550.96895072187,1034,0,-1034
"207","2007-03",0.0553185116195737,1528.44051168968,2006.59480411473,625,0,-625
"208","2007-04",0.0553039676617518,1243.13108398401,1365.02340372337,424,6,-418
"209","2007-05",0.0553038970951132,1154.49889442428,496.904259724613,84,83,-1
"210","2007-06",0.0553133277760096,1466.48861171066,412.293780771286,4,251,247
"211","2007-07",0.0553323439523426,1756.97957162075,339.021173485951,0,358,358
"212","2007-08",0.0553637301632306,1849.16418068048,322.312840202465,2,376,374
"213","2007-09",0.0554080686246372,1454.22443361027,319.444158821645,24,191,167
"214","2007-10",0.0554687664312857,1182.94591791826,525.318895538832,127,89,-38
"215","2007-11",0.0555417276409997,1192.01408903738,1727.30255964287,564,0,-564
"216","2007-12",0.0556305154068529,1624.39159297233,2610.50072627961,825,0,-825
"217","2008-01",0.0557369205930522,1753.84411909749,2973.01331535427,900,0,-900
"218","2008-02",0.0558238950493819,1685.68682805377,2668.2563485587,829,0,-829
"219","2008-03",0.0558887980912147,1485.93435325925,1862.11848289083,627,0,-627
"220","2008-04",0.0559364953393134,1135.34716122656,930.62657047532,279,4,-275
"221","2008-05",0.0559569439116348,1045.07491460155,569.548557731616,145,32,-113
"222","2008-06",0.0559574062604072,1451.72130994122,385.83751709001,0,306,306
"223","2008-07",0.0559342522597546,1749.35651295914,322.591306777508,0,369,369
"224","2008-08",0.0558875595151782,1596.05574732596,325.733942675524,0,258,258
"225","2008-09",0.0558213702941379,1338.03882287783,331.399499323496,23,147,124
"226","2008-10",0.0557365539418634,1133.12563242462,865.256356085052,314,8,-306
"227","2008-11",0.0556326416767434,1283.43998859095,1864.45317536955,604,0,-604
"228","2008-12",0.0555131606642198,1612.20258519409,2662.40869985017,822,0,-822
"229","2009-01",0.0553704402448394,1926.91681933305,3556.84958045329,1106,0,-1106
"230","2009-02",0.0552595046326502,1593.51901657135,2513.98277558038,773,0,-773
"231","2009-03",0.0551742696854655,1461.92548910683,2043.9194731815,689,0,-689
"232","2009-04",0.0551186849802303,1166.03998768204,981.59752535557,332,35,-297
"233","2009-05",0.0550876921289431,1083.60264870208,510.694494710154,98,66,-32
"234","2009-06",0.0550824162557323,1297.53739598323,350.054473028069,13,208,195
"235","2009-07",0.0551025884748892,1558.19857093549,324.814288559317,0,285,285
"236","2009-08",0.0551490918357475,1737.38369969055,317.111359288051,0,371,371
"237","2009-09",0.0552184737526789,1271.49759197195,327.058556672083,29,85,56
"238","2009-10",0.0553164676821825,1143.00857781059,785.452804661075,298,5,-293
"239","2009-11",0.0554429797822832,1148.37317406223,1383.13108885658,458,0,-458
"240","2009-12",0.0556029376949984,1633.82066989041,2851.28044413934,913,0,-913
"241","2010-01",0.0557861407317654,1917.40264860969,3320.220404682,999,0,-999
"242","2010-02",0.055959375550147,1692.02765804075,2817.07549856403,941,0,-941
"243","2010-03",0.0561236154191538,1400.87014806067,1694.50428927259,526,0,-526
"244","2010-04",0.0562760343949107,1102.56319422183,715.589777913677,235,27,-208
"245","2010-05",0.0564172997062271,1170.28772574963,473.737116088583,88,126,38
"246","2010-06",0.0565480646566739,1557.39174542862,335.199625688514,1,355,354
"247","2010-07",0.056664365718385,1968.21864549014,312.639197480837,0,457,457
"248","2010-08",0.0567667481946444,1792.40201309009,258.133584550346,0,367,367
"249","2010-09",0.0568556811730485,1398.49773374694,338.457328109092,9,179,170
"250","2010-10",0.0569336514228923,1092.42236186939,613.32511435907,236,14,-222
"251","2010-11",0.0570072954940872,1154.76621046166,1552.82884209211,553,0,-553
"252","2010-12",0.0570715809571537,1752.42344083751,3493.207425168,1031,0,-1031
"253","2011-01",0.0571220990822748,1934.46839999451,3540.29596014425,1090,0,-1090
"254","2011-02",0.0571701908207071,1520.5230839859,2348.09924362651,762,0,-762
"255","2011-03",0.0572125771706619,1359.52150092454,1915.44650454649,657,0,-657
"256","2011-04",0.0572402417545255,1093.88231492139,939.723829378605,269,38,-231
"257","2011-05",0.0572600248168151,1065.15509231652,484.444759801006,69,120,51
"258","2011-06",0.0572725807137673,1451.78682872079,311.860308599538,0,295,295
"259","2011-07",0.0572705232467517,1906.24664274944,288.705042386869,0,479,479
"260","2011-08",0.0572597951014743,1686.6176030196,280.979725072732,0,335,335
"261","2011-09",0.0572365808656432,1300.16192501499,361.258386942147,30,163,133
"262","2011-10",0.0572088757114852,1063.08567739855,774.47100056379,275,2,-273
"263","2011-11",0.0571763755828233,1068.38110994713,1298.232788763,450,0,-450
"264","2011-12",0.0571353457478895,1370.29974587518,2099.84886750469,705,0,-705
"265","2012-01",0.0570849035256604,1621.65541532129,2740.9720460255,840,0,-840
"266","2012-02",0.0570433731539631,1406.04013847234,2108.40222526679,696,0,-696
"267","2012-03",0.056996673069483,1188.16543000138,1167.56814431858,379,2,-377
"268","2012-04",0.0569516913750508,1005.35149335904,840.377619753141,335,12,-323
"269","2012-05",0.0569082276491263,1081.05794069497,377.753215654948,25,128,103
"270","2012-06",0.0568610924983226,1345.81145183287,350.271087559687,7,236,229
"271","2012-07",0.0568127789698355,1870.80329196554,284.984711768272,0,473,473
"272","2012-08",0.0567612363339842,1711.26634037322,299.863736766874,0,367,367
"273","2012-09",0.0567073605888103,1296.9907720577,300.007783931905,37,138,101
"274","2012-10",0.0566568087814547,1052.40376845513,709.884659990834,253,21,-232
"275","2012-11",0.0566095293594477,1274.78725291617,1855.83881715572,656,0,-656
"276","2012-12",0.056565687694727,1446.95495959172,2083.83782019543,707,0,-707
"277","2013-01",0.0565243639504639,1694.45815145024,2765.09274341109,877,0,-877
"278","2013-02",0.0564962880023772,1511.5789576018,2648.38324518299,838,0,-838
"279","2013-03",0.056472369859938,1444.9321228379,2365.06387128296,758,0,-758
"280","2013-04",0.0564520158303703,1090.5140699251,970.108715148819,321,22,-299
"281","2013-05",0.0564415914571493,1106.28650860028,557.310305611784,138,89,-49
"282","2013-06",0.0564291291528625,1331.53237790921,344.339664726956,0,257,257
"283","2013-07",0.0564255464179602,1732.69669396325,321.935142275049,0,413,413
"284","2013-08",0.0564253269789755,1521.06845444455,307.12331902015,0,263,263
"285","2013-09",0.0564283375547892,1245.81773353905,284.176588683058,64,120,56
"286","2013-10",0.0564394944259105,1097.8066475775,634.321921440531,245,47,-198
"287","2013-11",0.0564580903670295,1262.02132162754,1805.198698923,639,1,-638
"288","2013-12",0.0564900033328718,1618.02874396641,2433.45629380395,802,0,-802
"289","2014-01",0.0565273887020912,1981.703372792,3597.99361571117,1144,0,-1144
"290","2014-02",0.0565682712608186,1668.35431306935,2827.49173283788,904,0,-904
"291","2014-03",0.0566107505624131,1544.69508581312,2519.27103469141,827,0,-827
"292","2014-04",0.0566513216182949,1095.34735394613,1058.92703989565,367,0,-367
"293","2014-05",0.0566888864527298,1066.2611893214,660.685821352681,78,73,-5
"294","2014-06",0.0567253689464265,1320.79418616292,317.299940080805,1,247,246
"295","2014-07",0.0567610597294092,1538.91628412798,294.151111398864,0,324,324
"296","2014-08",0.0567896835658017,1420.97634151973,276.141955855944,0,230,230
"297","2014-09",0.0568188294686579,1214.67513824309,328.533469658039,36,138,102
"298","2014-10",0.0568485107394415,1001.20907746528,565.248801360577,209,13,-196
"299","2014-11",0.0568805068113685,1252.44831487699,1789.42246007445,651,0,-651
"300","2014-12",0.0569166865932677,1472.13642678008,2432.29873652153,785,0,-785
"301","2015-01",0.0569540057763025,1991.11338693554,3396.7900819703,1061,0,-1061
"302","2015-02",0.0570088322436655,1848.42358023907,3509.60395034621,1105,0,-1105
"303","2015-03",0.0570713684183707,1531.98615517677,2376.8629685986,799,0,-799
"304","2015-04",0.0571416776973377,1048.61780160668,911.614892392719,313,1,-312
"305","2015-05",0.0572212140610792,1154.17905570806,402.984574973722,50,163,113
"306","2015-06",0.0573103819111846,1275.09259859001,326.483618866127,16,272,256
"307","2015-07",0.0574069809810094,1648.68637225795,303.289389536144,0,358,358
"308","2015-08",0.0575111922817977,1561.93619344172,289.066893409837,0,306,306
"309","2015-09",0.0576256988318673,1227.30589031038,281.990531081212,5,196,191
"310","2015-10",0.0577493301759642,929.66599500065,709.408333098962,287,4,-283
"311","2015-11",0.0578898198549915,1010.03920681482,1139.3138177516,422,3,-419
"312","2015-12",0.0580381110057665,1216.71970947863,1529.96517397034,501,0,-501
"313","2016-01",0.0582057165137001,1744.03724376975,3062.56795188358,1017,0,-1017
"314","2016-02",0.0583684715835086,1525.09922006653,2481.14445578162,811,0,-811
"315","2016-03",0.0585235055464482,1264.40128160395,1377.99798762818,469,0,-469
"316","2016-04",0.0586713596918445,1023.45488954452,989.099292738772,350,7,-343
"317","2016-05",0.0588120738991778,1001.86430468053,609.516867994954,172,69,-103
"318","2016-06",0.0589464730233757,1309.94105527722,325.179066326821,1,249,248
"319","2016-07",0.0590715363113491,1800.85293113901,270.361909719915,0,435,435
"320","2016-08",0.0591903639724259,1766.01859090041,245.105906173515,0,432,432
"321","2016-09",0.0593029968285883,1358.51379372871,259.577951933386,2,250,248
"322","2016-10",0.0594082495038016,951.997718523951,481.599120327875,147,50,-97
"323","2016-11",0.0595132337031907,1065.89343081116,1236.23862323212,508,1,-507
"324","2016-12",0.0596153402957133,1511.42601566706,2530.10502652124,821,0,-821
"325","2017-01",0.0597098479016877,1551.94568568802,2571.77523419914,810,0,-810
"326","2017-02",0.0598014179312066,1246.79255453584,2005.60921815478,588,0,-588
"327","2017-03",0.0598801710061791,1329.67081173834,2080.28638650871,680,0,-680
"328","2017-04",0.0599471458738164,992.776223617977,618.265944068264,184,43,-141
"329","2017-05",0.0600002582292343,1011.85301200277,543.719805594606,129,59,-70
"330","2017-06",0.0600413277373269,1359.58862058313,324.854577510833,7,276,269
"331","2017-07",0.0600681216911222,1697.72482518852,299.64189354889,0,421,421
"332","2017-08",0.0600820628296111,1429.49694343621,240.52078351971,1,278,277
"333","2017-09",0.0600850531854221,1157.27067545952,313.979332954191,29,157,128
"334","2017-10",0.0600772200409088,987.61053992891,439.520687701257,151,58,-93
"335","2017-11",0.0600623718048269,1146.08490455022,1578.55387786481,561,0,-561
"336","2017-12",0.0600395106245728,1589.16929495637,2740.07513334756,893,0,-893
