"","Date","Real GDP per capita (millions of chained 2012 dollars per person)","Electricity Sale to Residential Consumers per capita (MJ/person)","Natural Gas Deliveries to Residential Consumers per capita (MJ/person)","HDD","CDD","DD"
"1","1990-01",0.0318702678982332,263.779360167773,3635.0241994664,985,0,-985
"2","1990-02",0.0318372393351606,230.333167964159,2842.34050891008,966,0,-966
"3","1990-03",0.0317955405135414,227.977770172414,2692.38660254057,849,0,-849
"4","1990-04",0.0317396759347535,199.817808902558,2100.71056430401,580,3,-577
"5","1990-05",0.0316784952315484,178.217316269782,1298.1847225189,356,0,-356
"6","1990-06",0.0316084203014117,167.642756091934,882.545149732199,50,72,22
"7","1990-07",0.0315307949921535,168.211498297065,570.262694968073,7,202,195
"8","1990-08",0.0314447546717615,177.205697777769,475.323643774182,10,199,189
"9","1990-09",0.0313508934804691,168.440435094188,539.378989024749,143,42,-101
"10","1990-10",0.031249820810875,167.231324669444,672.271064973138,312,17,-295
"11","1990-11",0.031145100929513,184.718456877907,1392.25488325333,639,0,-639
"12","1990-12",0.031033301821056,218.795297975185,2195.75643706603,892,0,-892
"13","1991-01",0.0309151223178638,241.720425381875,2947.27204390564,1206,0,-1206
"14","1991-02",0.0308129457980178,228.407786842747,3007.66088832803,925,0,-925
"15","1991-03",0.0307297487188474,218.662670452631,2655.74238130107,820,0,-820
"16","1991-04",0.0306622472419991,189.960390706305,2005.53635067838,483,2,-481
"17","1991-05",0.0306096395048536,169.861654780591,1145.7675550885,156,48,-108
"18","1991-06",0.0305718277835084,160.521167071786,681.421570727028,42,97,55
"19","1991-07",0.0305580298910137,167.841655913415,546.248574707883,11,187,176
"20","1991-08",0.0305610736843571,174.198850390535,493.611321883732,3,191,188
"21","1991-09",0.0305820893573538,168.106035839916,550.429123198085,167,40,-127
"22","1991-10",0.0306224818241883,170.648506241004,814.503915108167,367,2,-365
"23","1991-11",0.030683211363093,178.683399418342,1463.47699671813,695,0,-695
"24","1991-12",0.0307649522461647,221.952816931347,2331.43932420181,1024,0,-1024
"25","1992-01",0.0308654598288342,240.636460808955,3192.49295722753,1176,0,-1176
"26","1992-02",0.030954053093042,246.26320024881,3459.19825833591,1056,0,-1056
"27","1992-03",0.031028945315959,215.667308799345,3032.09450426915,1006,0,-1006
"28","1992-04",0.0310890266816692,194.724173636899,2428.15428819032,652,0,-652
"29","1992-05",0.0311363148201963,177.272952513971,1537.40859939707,316,16,-300
"30","1992-06",0.0311702308349754,160.705137930313,874.603521963928,57,48,-9
"31","1992-07",0.0311915455252103,163.160955736124,626.182490985608,21,105,84
"32","1992-08",0.0311983515348201,170.761149949889,580.685397060121,24,105,81
"33","1992-09",0.0311938366846162,164.980012322609,610.615996059411,150,45,-105
"34","1992-10",0.0311772460792852,169.278770585955,967.93720172915,524,0,-524
"35","1992-11",0.0311498228554035,183.169181780747,1821.60751679158,769,0,-769
"36","1992-12",0.0311114026881059,213.69170707196,2569.65785376751,1058,0,-1058
"37","1993-01",0.0310604818128677,247.678314142311,3299.13531488311,1133,0,-1133
"38","1993-02",0.03103030449799,226.257214477192,3547.30292829335,1216,0,-1216
"39","1993-03",0.0310194540657861,226.447839618848,3306.94958386063,1014,0,-1014
"40","1993-04",0.0310260936678541,196.750023383572,2384.26846718269,565,0,-565
"41","1993-05",0.0310514886387843,171.518420345755,1313.73098295665,208,3,-205
"42","1993-06",0.0310949621857615,167.673126596172,807.210701858571,68,98,30
"43","1993-07",0.0311569837058717,170.442865477178,632.518748826788,2,214,212
"44","1993-08",0.0312369041026405,178.262534846703,557.309217240376,5,187,182
"45","1993-09",0.0313365483640977,169.740214412987,592.542392686908,155,59,-96
"46","1993-10",0.0314555141795122,176.060943843289,1054.51727778855,505,0,-505
"47","1993-11",0.0315956595821921,181.551949460012,1837.17660487408,719,0,-719
"48","1993-12",0.0317557360908663,206.96448887612,2591.404779078,1070,0,-1070
"49","1994-01",0.031935072305438,242.598450870742,3870.42394480432,1466,0,-1466
"50","1994-02",0.0321023006958653,217.749645653766,4047.32401316863,1200,0,-1200
"51","1994-03",0.032253340581874,208.942983209958,3252.61224680026,946,0,-946
"52","1994-04",0.032386459105787,187.830104271806,2031.51509008867,516,0,-516
"53","1994-05",0.0325070826238721,159.542342282184,1150.61473937891,311,6,-305
"54","1994-06",0.0326112425037332,167.80941289443,787.703406278268,28,133,105
"55","1994-07",0.0327001879672637,166.900714229274,550.084986292494,0,303,303
"56","1994-08",0.032774014974114,174.551200397334,501.751407569783,30,131,101
"57","1994-09",0.0328328535540008,159.529557877662,558.930721013877,135,7,-128
"58","1994-10",0.0328777169406418,161.605809685894,929.114184936074,443,0,-443
"59","1994-11",0.0329096840359155,165.244036094437,1440.50054075148,607,0,-607
"60","1994-12",0.0329278889517906,191.523714991294,2446.6331802631,951,0,-951
"61","1995-01",0.0329319312157085,217.821299559447,2859.23880753649,1025,0,-1025
"62","1995-02",0.0329606597758644,200.572654447077,3124.5144832915,1121,0,-1121
"63","1995-03",0.0330134261790958,206.844461443225,2703.35569963916,856,0,-856
"64","1995-04",0.0330877314913742,167.790146200058,1970.20974405966,633,0,-633
"65","1995-05",0.033186979298117,163.639591872288,1110.98629145753,319,4,-315
"66","1995-06",0.0333082024333456,160.122000812808,646.511668621042,48,86,38
"67","1995-07",0.0334522333880785,171.434610552107,473.471370941842,0,255,255
"68","1995-08",0.033619941440008,171.106832263642,422.399847830903,17,166,149
"69","1995-09",0.0338100571309572,164.190448116511,477.008287331009,177,29,-148
"70","1995-10",0.034024116806264,156.118374211001,708.422050403028,329,0,-329
"71","1995-11",0.0342648615403619,170.574273803805,1626.49384071495,809,0,-809
"72","1995-12",0.0345314066919928,204.89246046401,2850.32360644357,1200,0,-1200
"73","1996-01",0.0348230671428175,222.708458957774,3480.58172647512,1236,0,-1236
"74","1996-02",0.0350644186992293,218.720260857134,3300.08991401426,1124,0,-1124
"75","1996-03",0.0352543251558921,199.182814290387,2956.08246101409,1015,0,-1015
"76","1996-04",0.0353922906048138,180.084757924621,2067.05259926669,587,0,-587
"77","1996-05",0.0354805114744999,162.603702503615,1352.56981668309,320,21,-299
"78","1996-06",0.0355172192779291,160.604142553594,702.050775085712,24,70,46
"79","1996-07",0.0355035725138201,165.932705785306,502.510951690004,1,146,145
"80","1996-08",0.035438148853737,170.891852205591,439.646788086293,4,148,144
"81","1996-09",0.0353228466928634,166.243406893504,477.640266541316,134,46,-88
"82","1996-10",0.035158605748072,164.041195758176,893.886696637068,463,0,-463
"83","1996-11",0.0349447559468017,168.130400109876,1772.5743862347,840,0,-840
"84","1996-12",0.0346846335031281,197.544614186269,2485.54222197236,909,0,-909
"85","1997-01",0.0343756871229673,219.271875757468,3108.63611647134,1212,0,-1212
"86","1997-02",0.0342539175134095,205.79467158571,3169.25476252154,911,0,-911
"87","1997-03",0.0343175920476473,194.218077382456,2695.06137235763,961,0,-961
"88","1997-04",0.0345655423073195,179.020854190892,2158.77285477231,643,0,-643
"89","1997-05",0.0349996052824872,168.31300750882,1233.92255429117,349,0,-349
"90","1997-06",0.035617838661156,159.50273641362,777.635448982018,86,119,33
"91","1997-07",0.0364205084662563,163.396490714244,503.571538525201,9,189,180
"92","1997-08",0.0374053599359613,168.227049339274,441.101377635395,13,113,100
"93","1997-09",0.0385751148529004,164.608865105556,453.776541735201,140,33,-107
"94","1997-10",0.0399299961084935,163.630493389721,848.461861514094,492,0,-492
"95","1997-11",0.0414705823065168,165.695035880206,1798.90718719167,800,0,-800
"96","1997-12",0.0431967258475809,202.439654739227,2777.20265947594,1030,0,-1030
"97","1998-01",0.0451052488168286,203.412699146195,3025.20615471701,1040,0,-1040
"98","1998-02",0.0468332762734392,188.605484014559,2932.4491125306,873,0,-873
"99","1998-03",0.0483784828325682,178.354833026938,2622.97489903504,826,0,-826
"100","1998-04",0.0497364452138967,178.440250148684,1832.45409435108,520,0,-520
"101","1998-05",0.0509117422194787,160.844370139837,981.346635040748,175,18,-157
"102","1998-06",0.0519040556501897,156.108004403924,676.575734678794,74,70,-4
"103","1998-07",0.0527139208593336,168.196725222426,503.452903236127,0,206,206
"104","1998-08",0.0533402598302488,175.732929902793,418.938106272856,5,194,189
"105","1998-09",0.0537863059166533,168.601441038343,457.504489111131,77,54,-23
"106","1998-10",0.0540520210245522,163.492690760034,760.459081584495,404,0,-404
"107","1998-11",0.0541384524556089,166.328024783534,1656.67189598928,714,0,-714
"108","1998-12",0.0540465584784167,194.786668203769,2188.05300368262,890,0,-890
"109","1999-01",0.0537719406070644,225.723787710491,1663.38986804571,1183,0,-1183
"110","1999-02",0.0535642886548806,192.699292208725,2336.88877798246,948,0,-948
"111","1999-03",0.0534171432758145,188.958783188068,3179.91832871101,865,0,-865
"112","1999-04",0.053326313146163,180.540359875977,1986.11260184858,529,0,-529
"113","1999-05",0.0532954066525668,156.42724275687,1153.30995284381,227,10,-217
"114","1999-06",0.0533235945902714,154.280816856582,729.797915290076,27,165,138
"115","1999-07",0.0534114467936588,180.698808326716,646.035631620884,1,288,287
"116","1999-08",0.0535580218878838,173.857397555507,585.028645656941,13,164,151
"117","1999-09",0.0537644924604606,175.729986639471,664.588426925816,69,85,16
"118","1999-10",0.0540300367375359,165.307763507106,1036.2484746884,461,0,-461
"119","1999-11",0.0543564696492101,170.405329901981,1737.09048462307,582,0,-582
"120","1999-12",0.0547418673854496,195.194124050665,2883.9984891303,964,0,-964
"121","2000-01",0.0551813397455883,133.797019719398,3245.83186253464,1262,0,-1262
"122","2000-02",0.0555775023923804,120.809917244387,3634.50497111358,995,0,-995
"123","2000-03",0.0559257899883286,160.513081697062,2369.76898925731,738,0,-738
"124","2000-04",0.0562228340692794,170.455676304105,1748.9747516965,582,0,-582
"125","2000-05",0.0564780832848488,182.225665150887,1205.71209895954,268,14,-254
"126","2000-06",0.0566852644869211,188.059076770641,693.613337076844,74,105,31
"127","2000-07",0.0568439970312243,200.687856747084,491.003735230582,9,109,100
"128","2000-08",0.0569593014515872,197.845076497196,440.090035982165,22,118,96
"129","2000-09",0.0570287047573403,186.048268737916,499.676490584988,148,53,-95
"130","2000-10",0.057054210551078,168.277096440773,824.021982287697,429,0,-429
"131","2000-11",0.0570379013535146,174.260028246129,1539.4854891419,722,0,-722
"132","2000-12",0.0569770615935759,229.440847993658,2847.72810403422,1193,0,-1193
"133","2001-01",0.0568750069852397,217.57217546449,3531.185207045,1213,0,-1213
"134","2001-02",0.056783606858265,181.435534269357,3097.77590524066,1016,0,-1016
"135","2001-03",0.0567003359112595,196.860124176975,3004.65031961426,980,0,-980
"136","2001-04",0.0566245834579639,180.206579993641,1977.47004982666,551,1,-550
"137","2001-05",0.0565585723798352,143.335163366712,986.611132746716,223,29,-194
"138","2001-06",0.056499492288651,169.522193627309,601.145568300288,35,151,116
"139","2001-07",0.0564498414359501,190.612859353176,459.943177940526,16,133,117
"140","2001-08",0.0564080369637948,202.156631958883,412.673580558077,0,252,252
"141","2001-09",0.0563741825035649,155.125689823217,483.140766102141,88,51,-37
"142","2001-10",0.0563571999641799,160.393183697773,763.746321858449,376,5,-371
"143","2001-11",0.0563459111649944,179.726444962258,1191.28652080785,598,0,-598
"144","2001-12",0.0563453656356879,214.416521015408,1568.62719694369,873,0,-873
"145","2002-01",0.0563557897135222,234.247924168842,2923.02258797878,980,0,-980
"146","2002-02",0.0563759468668302,169.216654657119,2760.67059305249,900,0,-900
"147","2002-03",0.0564081091588962,151.571922221443,2471.81694784786,845,0,-845
"148","2002-04",0.0564474462238582,177.823659829842,1678.80649052302,487,12,-475
"149","2002-05",0.0564948967019023,173.471874385834,1156.37719171905,307,10,-297
"150","2002-06",0.0565500826241729,172.125731321121,762.106856703315,90,84,-6
"151","2002-07",0.0566160610663204,209.177310827025,531.783743114541,8,242,234
"152","2002-08",0.0566903816557807,218.672446338682,383.738110121786,9,257,248
"153","2002-09",0.0567730136393569,166.3294577661,447.997221672143,57,81,24
"154","2002-10",0.0568664354544662,160.1934397474,701.302082620443,482,13,-469
"155","2002-11",0.0569714401556832,194.931266418943,1695.29094478066,757,0,-757
"156","2002-12",0.0570900918426599,231.971228189053,2931.57615278569,1101,0,-1101
"157","2003-01",0.0572185581314944,248.879792499453,3552.64436194223,1386,0,-1386
"158","2003-02",0.0573538041471613,207.073273069227,3878.33303084871,1164,0,-1164
"159","2003-03",0.057490518040618,207.83370481947,3233.2752459793,921,0,-921
"160","2003-04",0.0576262969764938,175.625817024251,2176.11671837852,648,0,-648
"161","2003-05",0.0577614043836992,160.853195247378,1295.70662578336,309,0,-309
"162","2003-06",0.0578857879677954,152.057887550678,756.267167367858,77,71,-6
"163","2003-07",0.0580083929634295,221.976797765429,486.636960307637,1,223,222
"164","2003-08",0.0581322033592818,200.589229665917,433.854693995316,4,244,240
"165","2003-09",0.0582587043497818,183.35247905253,477.938180054566,63,31,-32
"166","2003-10",0.0583865362653775,191.994036221849,776.975944601328,473,0,-473
"167","2003-11",0.0585168245268336,176.165995362101,1481.16655493919,653,0,-653
"168","2003-12",0.0586521452746623,227.747023688507,2655.00835561721,1005,0,-1005
"169","2004-01",0.0587899728901251,279.801614583838,3530.54365345958,1461,0,-1461
"170","2004-02",0.0589266406840319,211.609087293966,3573.82103613099,1053,0,-1053
"171","2004-03",0.059058702409718,200.992068156248,2555.89951195035,863,0,-863
"172","2004-04",0.0591817902007903,187.299764919433,1907.20469114076,536,0,-536
"173","2004-05",0.0592988420401973,162.823884951056,921.831215051193,212,10,-202
"174","2004-06",0.0594142862076615,177.04800851707,578.511675360698,82,63,-19
"175","2004-07",0.0595247245428133,183.942856008153,616.409895797649,4,158,154
"176","2004-08",0.0596294784028089,208.999579298794,493.239192939424,16,166,150
"177","2004-09",0.0597306289326535,189.0007760359,435.100313642882,84,33,-51
"178","2004-10",0.0598267610610902,180.63413574334,684.856761146726,441,0,-441
"179","2004-11",0.0599231639101976,195.178352585821,1388.05588614649,704,0,-704
"180","2004-12",0.0600175214441993,239.529635954507,2311.09531544377,1086,0,-1086
"181","2005-01",0.060108157053304,234.915222344123,3216.45724161033,1298,0,-1298
"182","2005-02",0.0602039145719595,185.746787058952,3316.72285349475,1033,0,-1033
"183","2005-03",0.0602946477355011,223.957622048762,3484.52648319991,1031,0,-1031
"184","2005-04",0.0603783416574387,188.682226182792,2045.75636873094,497,0,-497
"185","2005-05",0.0604578556825297,188.139309635864,1111.72892912279,409,0,-409
"186","2005-06",0.0605371034982652,169.44068489275,748.850816110767,55,160,105
"187","2005-07",0.0606120836036079,213.402477800464,459.262748292474,7,232,225
"188","2005-08",0.0606850821575025,222.981425273912,387.975749313949,1,242,241
"189","2005-09",0.0607548132463783,188.547315948414,416.032716087932,55,82,27
"190","2005-10",0.0608229347810506,209.054033874613,639.689846420023,395,12,-383
"191","2005-11",0.0608957188238123,185.404164861935,1306.91015391852,684,0,-684
"192","2005-12",0.0609623797529218,302.04984436107,2843.20103609995,1121,0,-1121
"193","2006-01",0.0610297665050767,229.461482732135,3097.86905961164,953,0,-953
"194","2006-02",0.0611012613640357,187.901097774463,2789.83267574317,1001,0,-1001
"195","2006-03",0.0611805983318607,198.859994172405,2884.20244741828,893,0,-893
"196","2006-04",0.0612622608508167,221.015027333927,1730.21354958113,508,0,-508
"197","2006-05",0.0613494999123929,215.481459395883,1046.54863672752,290,16,-274
"198","2006-06",0.0614383727398166,229.321695451962,669.975182486806,57,111,54
"199","2006-07",0.0615306240892354,205.851847165181,455.961126502213,0,265,265
"200","2006-08",0.0616289055142388,206.915761463567,394.474968201088,31,150,119
"201","2006-09",0.0617289943373113,167.305599997569,465.168740065539,141,11,-130
"202","2006-10",0.061836757552608,173.629978865332,688.730255232957,446,0,-446
"203","2006-11",0.0619510522839441,179.97213614483,1274.19129381348,562,0,-562
"204","2006-12",0.0620671536230268,206.754908901018,1967.01616540991,843,0,-843
"205","2007-01",0.0621913440987649,239.17733211004,2693.5766182298,1062,0,-1062
"206","2007-02",0.062314163065863,220.525711041634,3606.1113764666,1172,0,-1172
"207","2007-03",0.0624339731446107,213.430714911311,3150.11258125662,922,0,-922
"208","2007-04",0.0625460302048926,189.156651320172,2133.17209415717,636,0,-636
"209","2007-05",0.0626544362466789,178.842163220593,1071.31007910585,233,30,-203
"210","2007-06",0.0627558532095927,189.855461787216,595.448173669008,71,84,13
"211","2007-07",0.0628503296022093,204.926748599908,449.199927019994,13,179,166
"212","2007-08",0.0629397365810235,219.923814133561,401.346596819697,28,178,150
"213","2007-09",0.0630244708049477,183.794867200455,469.608229461726,89,74,-15
"214","2007-10",0.0631068334781076,173.097987965382,532.809656731971,279,14,-265
"215","2007-11",0.063184073009511,196.518757178425,1359.72674703939,755,0,-755
"216","2007-12",0.0632585947239202,235.323341732254,2810.23602497818,1098,0,-1098
"217","2008-01",0.0633316061432895,247.944160609778,3494.15413115647,1105,0,-1105
"218","2008-02",0.0633772609642726,211.680540075724,3241.63123392644,1049,0,-1049
"219","2008-03",0.0633937892802827,212.310429275362,3212.61294558005,921,0,-921
"220","2008-04",0.0633844647184555,181.582455734501,1883.87850343557,517,0,-517
"221","2008-05",0.0633425713272991,168.373563541072,1121.02335138425,318,5,-313
"222","2008-06",0.0632730006206911,168.023557288812,747.091462207568,28,118,90
"223","2008-07",0.0631733538299993,214.503446611687,628.249559725144,0,228,228
"224","2008-08",0.0630437230886103,203.680836324713,601.309857312342,19,80,61
"225","2008-09",0.0628868433235767,181.026763154714,651.14334755142,130,51,-79
"226","2008-10",0.0627033300163237,181.177938224615,1125.97699895314,477,0,-477
"227","2008-11",0.0624929125833213,192.519188606093,2204.01780207451,745,0,-745
"228","2008-12",0.0622579684875608,231.174068715407,3156.07264954515,993,0,-993
"229","2009-01",0.0619934760086492,258.985404397619,4161.46901857057,1364,0,-1364
"230","2009-02",0.0617887053440524,202.898044570691,3331.774023187,995,0,-995
"231","2009-03",0.0616393375837679,207.447956024583,2906.11918389025,917,0,-917
"232","2009-04",0.0615477552321862,179.719364717179,1699.52386266764,500,8,-492
"233","2009-05",0.0615105072454685,168.023563354181,892.276710248759,248,6,-242
"234","2009-06",0.0615282922150834,165.233441755923,667.512620290727,97,20,-77
"235","2009-07",0.0616009754008349,198.000629242489,655.470009887519,20,98,78
"236","2009-08",0.0617292657045818,213.206741519336,562.355275704546,19,198,179
"237","2009-09",0.0619110884635194,180.847007614105,714.872469916762,166,15,-151
"238","2009-10",0.0621505372777697,192.6652781025,1295.95019488677,498,0,-498
"239","2009-11",0.0624479596184651,187.02419094003,1746.69426785239,578,0,-578
"240","2009-12",0.0628071786179443,226.648327296826,3279.1114035895,1070,0,-1070
"241","2010-01",0.0632219632064756,243.598736642867,3823.85822559642,1183,0,-1183
"242","2010-02",0.0636030923311477,194.870060019517,3089.72953657082,975,0,-975
"243","2010-03",0.0639509928653776,200.776582514277,2404.18887783152,718,0,-718
"244","2010-04",0.064263518988156,172.698646946317,1432.74613065797,430,0,-430
"245","2010-05",0.0645409253408251,170.898750773249,914.56392041409,184,32,-152
"246","2010-06",0.0647834907002616,169.439171077401,658.566346414089,43,123,80
"247","2010-07",0.0649883288399342,225.989981930922,553.338727745298,4,287,283
"248","2010-08",0.0651556869516,217.594028077488,719.243984276238,9,171,162
"249","2010-09",0.065285795801879,186.958445294378,651.709362231382,86,83,-3
"250","2010-10",0.0653803214342292,186.873439251848,1208.14129543095,404,7,-397
"251","2010-11",0.0654438422367377,191.368762065931,1998.27477003603,696,0,-696
"252","2010-12",0.0654728526844192,236.14559723883,3324.62648385044,1099,0,-1099
"253","2011-01",0.0654643090527898,241.046385446623,4187.46025750096,1272,0,-1272
"254","2011-02",0.0654734612139756,203.428945104296,3371.69137037535,1056,0,-1056
"255","2011-03",0.0654979342980107,211.439840644924,2785.25026930734,892,0,-892
"256","2011-04",0.065531409781838,181.533936749747,1603.95079826852,501,0,-501
"257","2011-05",0.0655785388664941,175.089243199329,1138.55336341218,242,38,-204
"258","2011-06",0.0656397022829268,198.379395233221,557.254171152513,69,69,0
"259","2011-07",0.0657097247570393,211.646279992447,442.993137307911,0,243,243
"260","2011-08",0.0657926525125977,210.525459214293,637.989060807005,1,158,157
"261","2011-09",0.0658857808357954,177.827836779655,625.71754098834,72,74,2
"262","2011-10",0.0659946106870684,174.203805216781,1183.10843577282,372,1,-371
"263","2011-11",0.0661189091607283,181.955391428002,1966.6673847316,554,0,-554
"264","2011-12",0.0662560521283944,218.702860357846,2755.87578365704,860,0,-860
"265","2012-01",0.0664053965839272,233.898316419394,3459.47533615102,1022,0,-1022
"266","2012-02",0.0665390284708748,200.417365887517,2796.67481999225,893,0,-893
"267","2012-03",0.0666470662701894,199.925282522545,2053.78132182524,642,0,-642
"268","2012-04",0.0667343749674447,165.222505039304,1315.02223138105,478,4,-474
"269","2012-05",0.0668008366735472,173.270344699258,870.365477134383,186,28,-158
"270","2012-06",0.0668427864174325,216.342681246701,697.632299663771,89,83,-6
"271","2012-07",0.0668620057243169,217.198895888885,479.548787418684,0,241,241
"272","2012-08",0.0668570536090698,221.295897849613,572.991512304553,3,204,201
"273","2012-09",0.0668285882079847,178.052863389079,638.738991337154,122,42,-80
"274","2012-10",0.0667806669336392,194.058324156143,887.907199330853,339,0,-339
"275","2012-11",0.0667132820563942,190.487688045752,2141.17989546691,749,0,-749
"276","2012-12",0.0666265762674573,231.950954736702,2908.18175395361,892,0,-892
"277","2013-01",0.066519915985229,247.890526684627,3180.15069859358,1108,0,-1108
"278","2013-02",0.0664329076203622,212.401997682882,2901.02425823213,1005,0,-1005
"279","2013-03",0.06635903169777,211.402691440621,2524.81752193998,910,0,-910
"280","2013-04",0.0662978203542453,181.059429039342,1522.32296300974,556,0,-556
"281","2013-05",0.066253740975511,173.400267084601,788.427867813214,243,21,-222
"282","2013-06",0.066218262444072,218.040336148726,527.423226307585,53,107,54
"283","2013-07",0.0661990793085133,227.175695112083,468.96963007717,2,313,311
"284","2013-08",0.066192238444164,208.064858307607,500.364720998676,7,115,108
"285","2013-09",0.066197602828582,178.576667085969,598.146371341804,164,57,-107
"286","2013-10",0.0662186121618987,192.439592009793,875.780649275171,394,0,-394
"287","2013-11",0.0662547249475014,200.166381236113,2004.05994549352,758,0,-758
"288","2013-12",0.0663100679861219,250.377712102162,3040.76689738835,1052,0,-1052
"289","2014-01",0.0663790479505771,272.830201140195,3895.50293535404,1243,0,-1243
"290","2014-02",0.0664650534204721,223.87273777857,3171.70725046112,1111,0,-1111
"291","2014-03",0.0665667006102356,232.83934643485,3204.78697526151,1076,0,-1076
"292","2014-04",0.0666814657616291,190.305554938176,2051.56793064293,590,0,-590
"293","2014-05",0.0668085285911118,176.685210586165,1053.81926073697,241,5,-236
"294","2014-06",0.066949216394568,167.97670037619,452.805094849822,42,68,26
"295","2014-07",0.0671036989539267,218.396933182651,420.900648411659,0,192,192
"296","2014-08",0.0672674548917706,205.534620399088,387.397440325593,15,87,72
"297","2014-09",0.0674458565052716,182.029119628057,470.044879138798,137,62,-75
"298","2014-10",0.067638882539818,177.87403002278,791.757560235634,344,5,-339
"299","2014-11",0.0678477850326717,198.439096534597,1810.99229557813,750,0,-750
"300","2014-12",0.0680738962169164,236.197192197022,2708.92923073691,899,0,-899
"301","2015-01",0.0683150104917922,254.858047594563,4178.81772225411,1274,0,-1274
"302","2015-02",0.0685410581013269,240.571066276521,4204.30727753225,1349,0,-1349
"303","2015-03",0.0687449750854096,226.11186551998,3361.2771479542,1071,0,-1071
"304","2015-04",0.0689268200534415,206.862726962956,1620.92760242835,567,0,-567
"305","2015-05",0.0690876690996099,167.327400350353,698.445486741554,147,45,-102
"306","2015-06",0.0692278396352411,176.105235210611,532.757547854932,103,65,-38
"307","2015-07",0.0693457522397801,199.026036526206,422.359872453667,2,198,196
"308","2015-08",0.0694415654565857,213.504922326485,393.731064159673,0,198,198
"309","2015-09",0.0695172632815702,205.459238436215,397.248099888495,60,102,42
"310","2015-10",0.069572022795116,181.914067434081,931.702420990288,440,0,-440
"311","2015-11",0.0696114870390739,171.110110859706,1511.50800428305,586,0,-586
"312","2015-12",0.0696290943179206,227.808508412319,2020.50903701404,686,0,-686
"313","2016-01",0.0696331907416447,229.859964125806,3095.79207663622,1086,0,-1086
"314","2016-02",0.0696532390424254,215.994722499096,2882.66042604173,956,0,-956
"315","2016-03",0.0696871525903048,221.354238866219,2190.70721437007,733,0,-733
"316","2016-04",0.0697353044578593,189.734612569214,1602.58461578056,578,0,-578
"317","2016-05",0.0697976997272594,176.47085098254,895.274186396681,263,31,-232
"318","2016-06",0.0698748988412318,175.713638651127,446.423733071016,35,72,37
"319","2016-07",0.069964707058513,196.565020654381,388.571174846028,4,253,249
"320","2016-08",0.0700693003681505,227.135471250527,363.074279508217,0,308,308
"321","2016-09",0.0701886598213013,206.194971447012,388.183787294298,22,142,120
"322","2016-10",0.0703218866803161,173.033519283119,862.913669721691,260,9,-251
"323","2016-11",0.0704740004115142,173.184997029822,1688.21776443093,648,0,-648
"324","2016-12",0.070643081468215,234.178677669934,3049.70855124586,1006,0,-1006
"325","2017-01",0.0708256968124213,251.195760579902,3098.00881788016,1004,0,-1004
"326","2017-02",0.070997863113225,205.15025820845,2623.13622741043,868,0,-868
"327","2017-03",0.0711525375814262,232.086355461741,3207.29650709489,1014,0,-1014
"328","2017-04",0.0712904773948758,194.353882757771,1378.73986894156,440,5,-435
"329","2017-05",0.0714102018168855,179.006043332845,942.992938862083,315,25,-290
"330","2017-06",0.0715130255014536,188.411617191465,522.652042665462,69,112,43
"331","2017-07",0.0715973560740405,197.89587906319,413.025767495812,12,179,167
"332","2017-08",0.071664222040927,196.250047188752,395.306353344488,19,133,114
"333","2017-09",0.0717149993608106,194.651440512176,426.356805558439,71,83,12
"334","2017-10",0.0717497900713974,169.348441851007,651.059899308821,213,13,-200
"335","2017-11",0.0717713492685917,178.354442122342,1922.07496952144,705,0,-705
"336","2017-12",0.0717789736497209,232.46641349571,3622.46479174378,1145,0,-1145
