"","Date","Real GDP per capita (millions of chained 2012 dollars per person)","Electricity Sale to Residential Consumers per capita (MJ/person)","Natural Gas Deliveries to Residential Consumers per capita (MJ/person)","HDD","CDD","DD"
"1","1990-01",0.0249003864834238,1017.08002212319,6509.21900615281,1035,0,-1035
"2","1990-02",0.0248876724264153,808.561202089864,5604.17183187902,1033,0,-1033
"3","1990-03",0.0248654002464275,823.586201021865,5052.76172203982,866,0,-866
"4","1990-04",0.0248313636432981,751.568654611269,3674.91544802681,546,31,-515
"5","1990-05",0.0247891585528759,714.022894531403,2240.12511168021,321,3,-318
"6","1990-06",0.0247373635830953,746.129313566117,1288.52556768107,48,98,50
"7","1990-07",0.0246765505275303,846.768503502159,903.045510739499,9,169,160
"8","1990-08",0.0246064021975588,852.361253066896,957.434847718265,17,129,112
"9","1990-09",0.024527194788227,853.891717206178,1082.2903538628,152,67,-85
"10","1990-10",0.0244392134697983,741.686548339736,2077.76713952146,476,5,-471
"11","1990-11",0.024343934008573,770.341061790265,3416.54970552555,681,0,-681
"12","1990-12",0.0242400151848381,864.115684568803,5212.45075568861,1089,0,-1089
"13","1991-01",0.0241277834166808,1031.56595166783,7089.33312916668,1338,0,-1338
"14","1991-02",0.0240362866820436,821.176678615422,5736.57606027986,1008,0,-1008
"15","1991-03",0.0239666184887039,811.263055285816,5066.13166033332,851,0,-851
"16","1991-04",0.0239173767042116,764.931631974147,3352.13021155888,465,8,-457
"17","1991-05",0.023888158732676,752.464232318653,2148.47596740861,169,130,-39
"18","1991-06",0.0238788462920423,896.628582521487,1152.26122701293,21,172,151
"19","1991-07",0.0238930323592111,976.077210959598,868.633693824875,6,215,209
"20","1991-08",0.0239277915911673,903.142599070777,757.544966140094,7,175,168
"21","1991-09",0.0239835094402236,864.705830721357,1067.24929936783,213,67,-146
"22","1991-10",0.0240606871729515,747.520606048649,2121.11000151076,400,3,-397
"23","1991-11",0.0241596566712266,785.735376017817,3829.73583168284,885,0,-885
"24","1991-12",0.0242806439767045,899.01776860474,5631.79824067009,1104,0,-1104
"25","1992-01",0.0244227139371245,1017.48140996178,6470.30001979097,1209,0,-1209
"26","1992-02",0.0245499081113231,838.249167935267,6026.61105271185,1049,0,-1049
"27","1992-03",0.0246615363291069,834.867732902995,5333.73987872861,994,0,-994
"28","1992-04",0.0247571752303877,779.305684125683,4162.56406866936,648,0,-648
"29","1992-05",0.0248376586932062,733.500450166599,2460.90236143975,283,23,-260
"30","1992-06",0.0249027756271671,731.264697931115,1361.49727508278,106,47,-59
"31","1992-07",0.0249528577650905,784.908313083188,1000.86502753967,32,84,52
"32","1992-08",0.0249871541146992,795.042376887367,986.794886708689,70,70,0
"33","1992-09",0.0250069710758833,771.368969005124,1075.0953929017,182,43,-139
"34","1992-10",0.0250120213953203,758.436544792596,2375.13749126763,527,0,-527
"35","1992-11",0.0250028242980449,789.174165803948,3901.5913389453,823,0,-823
"36","1992-12",0.024979327925627,925.264936083518,5731.03648088472,1083,0,-1083
"37","1993-01",0.02494093633558,981.272186609944,6779.1301975958,1218,0,-1218
"38","1993-02",0.0249319861224714,832.446305813195,6531.31653332741,1224,0,-1224
"39","1993-03",0.0249518658591008,867.359602881688,6205.96251420638,1040,0,-1040
"40","1993-04",0.0249997931191894,742.659680648387,3986.7181354998,622,0,-622
"41","1993-05",0.0250762419503425,695.781103278349,2073.51357693087,241,9,-232
"42","1993-06",0.025180898436017,749.050918199739,1300.52398722593,81,80,-1
"43","1993-07",0.0253139142205966,976.358301190198,973.89759444954,3,231,228
"44","1993-08",0.0254749839959525,1017.99645087276,815.878170857556,14,202,188
"45","1993-09",0.0256648176920063,783.48947723259,1135.03724106242,250,11,-239
"46","1993-10",0.0258832160157951,740.563418573238,2532.01167712531,530,2,-528
"47","1993-11",0.0261309180322505,787.71757353547,3891.93247923555,829,0,-829
"48","1993-12",0.0264073807679549,938.746825797773,5734.37668871408,1154,0,-1154
"49","1994-01",0.0267122947323058,1107.38764292643,8250.08434696678,1582,0,-1582
"50","1994-02",0.0269806079494572,906.643018855713,7395.58375158934,1298,0,-1298
"51","1994-03",0.027210631247515,497.485856773554,5708.52231225621,982,0,-982
"52","1994-04",0.0274016531925619,769.688095635716,3767.65027774653,539,9,-530
"53","1994-05",0.0275560134833191,747.051757819605,2281.73060662707,329,23,-306
"54","1994-06",0.0276720670357248,873.978632703464,1117.28826835356,53,137,84
"55","1994-07",0.0277503919262362,1056.44937600445,829.030254201268,7,175,168
"56","1994-08",0.0277910813785966,940.982760355533,849.152530279455,49,89,40
"57","1994-09",0.0277942481630943,790.778366216488,959.877563655754,111,49,-62
"58","1994-10",0.0277603839708911,766.679429704693,1881.73047540587,410,0,-410
"59","1994-11",0.0276900069563537,790.382942939007,3075.26246119713,681,0,-681
"60","1994-12",0.0275828122002205,959.223818945812,5026.12762184533,1004,0,-1004
"61","1995-01",0.0274386976867794,1007.01803880198,6570.5950337761,1225,0,-1225
"62","1995-02",0.027324373204926,834.102281217239,6774.97203024448,1199,0,-1199
"63","1995-03",0.0272395224593819,851.658251135217,5557.58845109385,894,0,-894
"64","1995-04",0.0271830694016127,730.302836954816,4044.90513864596,689,0,-689
"65","1995-05",0.0271563730576375,743.839901028213,2405.77017558001,275,2,-273
"66","1995-06",0.0271581629711321,834.446103184419,1171.95401846196,32,154,122
"67","1995-07",0.0271887304284162,1073.97088738133,889.769702359676,11,241,230
"68","1995-08",0.0272483726193681,1237.61649246905,793.645346584315,0,293,293
"69","1995-09",0.0273365133806805,821.291499265942,1105.71572108848,203,28,-175
"70","1995-10",0.0274537111105417,739.173762277639,1967.97670371076,392,4,-388
"71","1995-11",0.0276010001770539,808.01118319094,4427.49165576728,992,0,-992
"72","1995-12",0.0277779461262585,985.293466295573,6829.05301849638,1291,0,-1291
"73","1996-01",0.0279841959687468,1054.94828746402,7624.64313026071,1358,0,-1358
"74","1996-02",0.0281472750024189,909.906219314069,7086.76870576726,1211,0,-1211
"75","1996-03",0.028266826098756,881.991402895097,6410.88662438482,1141,0,-1141
"76","1996-04",0.0283427395019,793.98115435045,4476.6881115402,683,0,-683
"77","1996-05",0.0283759693624718,755.963058068956,2736.80489040247,361,26,-335
"78","1996-06",0.0283658742475465,833.790912693218,1178.52882607163,34,104,70
"79","1996-07",0.0283129699848854,965.424388495085,849.319744856002,22,110,88
"80","1996-08",0.0282167343379988,1027.19477735474,809.276142426133,4,176,172
"81","1996-09",0.0280779537908021,840.407018457162,1004.76180455679,151,54,-97
"82","1996-10",0.0278970198913719,769.552423750211,2052.01059139458,452,0,-452
"83","1996-11",0.0276736755030901,846.210918056995,4302.2220110758,969,0,-969
"84","1996-12",0.0274092328204049,1004.08692775633,5834.85592943609,1117,0,-1117
"85","1997-01",0.0271026685325496,1106.70826670105,7407.20675398777,1381,0,-1381
"86","1997-02",0.0269584727201886,806.714519711066,6371.77941472295,1051,0,-1051
"87","1997-03",0.0269758973838131,868.663328042818,5678.53510236816,959,0,-959
"88","1997-04",0.0271544272525217,777.697275006167,4233.3393719672,658,0,-658
"89","1997-05",0.027494732127205,744.822283197662,2981.66948878246,472,0,-472
"90","1997-06",0.0279960097005972,848.719985095525,1327.51829147307,47,118,71
"91","1997-07",0.0286583306138914,1088.94161463928,524.667906695279,16,171,155
"92","1997-08",0.0294807835671583,921.468205447782,802.443223596317,47,68,21
"93","1997-09",0.0304644199120253,763.416401428611,968.346604032193,142,21,-121
"94","1997-10",0.0316093234572308,770.954391133106,1969.45489724429,493,15,-478
"95","1997-11",0.0329157317088062,870.400511394279,4184.25192589029,879,0,-879
"96","1997-12",0.0343836085878086,999.781174717519,5516.49753907113,1064,0,-1064
"97","1998-01",0.0360117213110048,1014.29248647206,6292.44091398718,1104,0,-1104
"98","1998-02",0.0374900874955493,797.064512641404,5439.56009198104,857,0,-857
"99","1998-03",0.0388176478666781,891.41472724427,5262.99904667577,890,3,-887
"100","1998-04",0.0399925193438318,786.037761197891,3522.33987168277,513,0,-513
"101","1998-05",0.0410164592753063,809.156471568469,1540.42924862772,107,59,-48
"102","1998-06",0.0418892954436993,911.406118328829,1083.97751334116,104,166,62
"103","1998-07",0.0426112302066885,1127.74504988196,806.593323050284,1,207,206
"104","1998-08",0.0431818459730663,1126.25045600928,746.071755639405,5,194,189
"105","1998-09",0.0436024997798587,903.202590670577,833.624316031854,62,98,36
"106","1998-10",0.0438732605074877,832.836638511739,1754.32072139722,393,0,-393
"107","1998-11",0.0439946687076351,778.318840671134,3261.447806837,693,0,-693
"108","1998-12",0.0439672621888502,949.516002022215,4651.71296132509,973,0,-973
"109","1999-01",0.0437894395910956,1091.05865971838,7582.2990749843,1362,0,-1362
"110","1999-02",0.0436442223796665,850.681355246215,5747.97429723143,960,0,-960
"111","1999-03",0.0435288705874595,908.387163541944,5939.29833703853,1011,0,-1011
"112","1999-04",0.0434416164488408,744.533571600313,3483.84477513407,494,0,-494
"113","1999-05",0.043383908982506,783.340446947187,1773.3251625246,172,35,-137
"114","1999-06",0.043355450223652,1036.2677372888,1146.41325106764,55,179,124
"115","1999-07",0.043356561677928,1283.06369914394,760.053757104298,2,306,304
"116","1999-08",0.0433870039144126,1104.74464143759,707.158696038696,15,104,89
"117","1999-09",0.0434474438282469,853.079106322351,860.874464035788,122,62,-60
"118","1999-10",0.0435377894706805,792.824390612765,2013.26242111581,484,0,-484
"119","1999-11",0.0436590618451308,784.064521888155,3253.13318396115,647,0,-647
"120","1999-12",0.0438108161050512,958.859322885839,5182.76084656651,1088,0,-1088
"121","2000-01",0.0439914585869208,1105.41197149354,7035.51752277148,1316,0,-1316
"122","2000-02",0.0441332588587574,886.466642551413,6529.08411015145,1018,0,-1018
"123","2000-03",0.0442342259830848,845.591317852401,4668.4296400085,724,0,-724
"124","2000-04",0.0442928838420428,762.482849440319,3595.26091232719,591,0,-591
"125","2000-05",0.044312918656803,842.162130176164,2020.7946899668,214,41,-173
"126","2000-06",0.0442917270199485,942.863253194338,1061.45938056432,54,109,55
"127","2000-07",0.0442290945778224,1007.7942836973,848.733826955094,18,112,94
"128","2000-08",0.0441269689876433,1093.83215630074,818.607656036901,22,134,112
"129","2000-09",0.0439843269621881,926.109833333212,1006.90453520457,189,62,-127
"130","2000-10",0.0438019351729852,788.753521625575,1908.04202941959,359,2,-357
"131","2000-11",0.0435805912932182,830.638875025193,3444.39316877595,804,0,-804
"132","2000-12",0.0433192201871061,1072.11024170517,7012.23823016095,1468,0,-1468
"133","2001-01",0.0430191151625756,1145.22824353467,7236.15842962421,1243,0,-1243
"134","2001-02",0.0427604235850326,905.334709636484,5870.71461486474,1081,0,-1081
"135","2001-03",0.0425421108807758,956.86131964116,5889.89888392112,1024,0,-1024
"136","2001-04",0.0423638940964623,786.864287469396,3533.98383355726,483,0,-483
"137","2001-05",0.0422265757368526,804.011943682392,1745.83581743958,190,21,-169
"138","2001-06",0.0421290351460332,976.620685430361,1128.56388359229,85,134,49
"139","2001-07",0.0420721810345021,1191.80011450174,747.645186167364,20,202,182
"140","2001-08",0.0420553668052662,1346.97411975013,667.193358376979,1,209,208
"141","2001-09",0.0420785901769748,854.212129243867,916.281042003665,182,33,-149
"142","2001-10",0.0421452217803224,820.475280846186,2017.56742349974,455,1,-454
"143","2001-11",0.0422509643736211,834.730062824723,2967.82965881432,559,0,-559
"144","2001-12",0.0423977212720162,999.673973817952,4414.73742593836,947,0,-947
"145","2002-01",0.0425855627670764,1114.48467580145,6408.64054140525,1062,0,-1062
"146","2002-02",0.0427625112590844,876.816019712934,5408.96935150766,968,0,-968
"147","2002-03",0.0429294696188476,950.837111962455,5424.87647336433,1040,0,-1040
"148","2002-04",0.0430845741476389,869.241903162074,3901.17979451978,559,24,-535
"149","2002-05",0.0432281972911568,834.260094537453,2519.51530782907,399,17,-382
"150","2002-06",0.0433601983518857,1008.84728436069,1491.93557680061,49,161,112
"151","2002-07",0.0434817864871251,1442.7485415576,814.559063808343,0,294,294
"152","2002-08",0.0435920078250321,1304.51518232577,697.897076763467,6,190,184
"153","2002-09",0.0436908558441741,1048.00858328788,786.46084826645,67,110,43
"154","2002-10",0.0437793128862755,889.846940440932,1929.5941006655,548,17,-531
"155","2002-11",0.043857695786089,885.00350549883,4115.76904559636,853,0,-853
"156","2002-12",0.0439268182443573,1088.40349147561,6101.7758451144,1163,0,-1163
"157","2003-01",0.0439851650890315,1194.5219257059,7564.47887125577,1425,0,-1425
"158","2003-02",0.0440367317143677,960.02835080884,7240.70194022633,1252,0,-1252
"159","2003-03",0.0440794178975078,1006.68228629888,5991.02858048197,992,0,-992
"160","2003-04",0.0441122748065337,829.786342645048,3725.71950437001,596,2,-594
"161","2003-05",0.0441354029892804,803.215655306029,2237.54009109836,315,0,-315
"162","2003-06",0.0441448786232551,942.978169585179,1212.53827578913,86,70,-16
"163","2003-07",0.0441442083403693,1224.75070377525,829.77119769474,3,166,163
"164","2003-08",0.0441345543748711,1227.69800925411,757.406499168375,4,192,188
"165","2003-09",0.0441164869532028,985.626233839955,866.428442343652,136,39,-97
"166","2003-10",0.0440894706775449,877.923011201819,2141.40738042339,502,0,-502
"167","2003-11",0.0440539318057918,884.742261274227,3426.25962991193,708,0,-708
"168","2003-12",0.0440108461459743,1103.13826681388,5413.55123506288,1058,0,-1058
"169","2004-01",0.0439592247407655,1196.6254372291,7521.42402304546,1473,0,-1473
"170","2004-02",0.0439236097112408,999.90430819986,6770.61914518855,1171,0,-1171
"171","2004-03",0.0439026636791714,995.076720233847,5032.09435675047,841,0,-841
"172","2004-04",0.0438947184513841,832.303427706712,3501.32138405694,519,6,-513
"173","2004-05",0.0439008804995968,860.919274410178,1945.67159104065,242,23,-219
"174","2004-06",0.0439228082793879,946.472781126594,1000.78162638001,75,73,-2
"175","2004-07",0.0439592036174393,1125.80843283355,832.411023627001,15,143,128
"176","2004-08",0.044009800019092,1075.44618345916,756.073715591001,59,85,26
"177","2004-09",0.0440753708768219,980.840299747265,853.565129180568,70,81,11
"178","2004-10",0.0441553738582443,841.410882056937,1683.34487809426,434,0,-434
"179","2004-11",0.0442517931686443,869.825549808453,3265.88006532263,738,0,-738
"180","2004-12",0.0443637536110871,1087.31266672478,5623.88006459277,1173,0,-1173
"181","2005-01",0.0444906221252076,1201.90883248698,7135.34466728614,1347,0,-1347
"182","2005-02",0.0445984557890466,985.875856543796,6270.34186765966,1056,0,-1056
"183","2005-03",0.0446834103113941,1021.79286710398,5839.31803713871,1077,0,-1077
"184","2005-04",0.0447447089727731,825.629291853507,3239.14463346152,488,0,-488
"185","2005-05",0.0447834213956265,848.044479094419,2091.6679312329,341,5,-336
"186","2005-06",0.0448010169163199,1188.98893647768,1035.53087562139,19,234,215
"187","2005-07",0.0447959741926459,1453.16954361186,761.340946748125,6,249,243
"188","2005-08",0.0447691482009952,1475.27785209159,639.457133690764,5,227,222
"189","2005-09",0.0447200467520462,1053.67105814495,738.857760406751,53,88,35
"190","2005-10",0.0446492862156328,885.289943360198,1513.17558395213,407,25,-382
"191","2005-11",0.0445592013091306,868.270022149064,3137.71928691983,723,0,-723
"192","2005-12",0.0444457418060016,1069.64653429151,6007.56940568979,1254,0,-1254
"193","2006-01",0.0443114554793158,1131.61322381976,5569.48182923864,977,0,-977
"194","2006-02",0.0441936009302435,935.895124436609,5531.44797139336,1082,0,-1082
"195","2006-03",0.0440935491925054,1021.40708203456,4967.46804832367,920,0,-920
"196","2006-04",0.0440092602430044,799.326720019426,2945.21817276249,467,0,-467
"197","2006-05",0.0439419318935626,874.771606215145,1542.12505732029,263,47,-216
"198","2006-06",0.0438901231330906,1061.74308053571,952.710172668142,38,81,43
"199","2006-07",0.0438544819163614,1413.41471413492,714.108490417892,3,252,249
"200","2006-08",0.0438359830118083,1419.84473103292,670.79463186486,6,160,154
"201","2006-09",0.043833097455277,817.620080755122,840.942833789933,162,11,-151
"202","2006-10",0.0438479730036162,882.724188279545,2106.97569734758,544,0,-544
"203","2006-11",0.0438802069271437,891.766910425947,3529.00519302557,713,0,-713
"204","2006-12",0.0439281002298919,1111.93152046563,4474.93647600439,928,0,-928
"205","2007-01",0.0439939569269843,1155.4361962806,5555.86565828925,1165,0,-1165
"206","2007-02",0.0440414290551793,995.096362112754,6962.07603416413,1328,0,-1328
"207","2007-03",0.0440699065575727,979.160065558429,5149.23768586232,842,0,-842
"208","2007-04",0.0440776488276312,875.761100523017,3484.04027669048,622,0,-622
"209","2007-05",0.0440661256679232,878.799085207975,1686.67577553625,184,39,-145
"210","2007-06",0.0440341048236002,1116.89530132606,826.021860145228,29,148,119
"211","2007-07",0.0439815827688937,1251.18979017868,689.865160817485,13,164,151
"212","2007-08",0.043909211710605,1446.57275615686,675.507058914344,21,202,181
"213","2007-09",0.04381710581512,989.008269435102,738.859245715932,89,73,-16
"214","2007-10",0.0437060579663075,919.786169974157,1139.32532910205,286,34,-252
"215","2007-11",0.0435750418481579,902.590526155589,2970.92695028561,816,0,-816
"216","2007-12",0.0434248770160265,1157.29395622008,5423.5824454137,1157,0,-1157
"217","2008-01",0.0432559420116061,1206.05897398112,6120.31779073375,1205,0,-1205
"218","2008-02",0.0430593928702429,1052.71159745487,6045.73752192762,1257,0,-1257
"219","2008-03",0.0428345797131542,1051.57675578424,5588.37383341522,1066,0,-1066
"220","2008-04",0.0425826351192366,872.939960788541,3529.4367057338,479,0,-479
"221","2008-05",0.0423011985214092,800.066716422187,1801.75265075814,325,6,-319
"222","2008-06",0.0419919833768427,1024.65903884426,1035.00124763194,32,121,89
"223","2008-07",0.0416541641898172,1295.48853212235,809.652768402933,7,174,167
"224","2008-08",0.0412877940484037,1156.1222118628,688.164886502016,14,122,108
"225","2008-09",0.0408938328775863,946.785023915695,691.609191143194,96,35,-61
"226","2008-10",0.0404725082646435,836.741681412543,1560.2698705342,511,0,-511
"227","2008-11",0.0400237511517002,889.220987201397,3248.86110400302,824,0,-824
"228","2008-12",0.0395483846804589,1211.36068637208,5791.59076163284,1239,0,-1239
"229","2009-01",0.0390447649242687,1208.35339736771,7261.76445991226,1521,0,-1521
"230","2009-02",0.0386197083348705,1005.50765561337,5778.2159529811,1085,0,-1085
"231","2009-03",0.0382717685330799,1018.11966467492,4908.27520194313,911,0,-911
"232","2009-04",0.03800173540607,862.831729871058,3240.95428139856,567,3,-564
"233","2009-05",0.0378085175075402,787.30860542165,1666.91997142841,255,6,-249
"234","2009-06",0.0376924052657561,914.868232020843,954.532571098359,87,87,0
"235","2009-07",0.0376534403712738,1047.44595194748,693.05208059833,34,68,34
"236","2009-08",0.0376919605618715,1120.86149105838,688.438076416912,37,127,90
"237","2009-09",0.0378074288252262,911.92099070563,729.133130519613,107,25,-82
"238","2009-10",0.0380013234770204,873.973936198221,1783.62364429141,556,0,-556
"239","2009-11",0.0382739420786237,959.167580402839,2762.59082018916,669,0,-669
"240","2009-12",0.0386267423255882,1153.29841732119,4977.68444592053,1176,0,-1176
"241","2010-01",0.039057943050424,1191.58341996198,6300.16214558998,1296,0,-1296
"242","2010-02",0.0394549605467494,980.594224724204,5377.416701554,1116,0,-1116
"243","2010-03",0.0398177373943511,987.122976263748,3998.49284639569,799,0,-799
"244","2010-04",0.040145384602791,802.589265889857,2683.98124439836,413,1,-412
"245","2010-05",0.0404378186633949,929.076104067363,1477.47805579305,214,62,-152
"246","2010-06",0.0406949844071603,1087.55749149545,863.853763458608,31,123,92
"247","2010-07",0.0409157899815822,1455.65937612862,649.459734287982,5,268,263
"248","2010-08",0.0411002023951899,1410.71975186913,586.997481122303,2,241,239
"249","2010-09",0.041248204819297,911.507469328461,719.71851070232,154,52,-102
"250","2010-10",0.0413602843980175,796.409459263868,1488.61938350648,395,0,-395
"251","2010-11",0.0414379333286817,920.430749763592,3309.75745412111,758,0,-758
"252","2010-12",0.0414799464321312,1167.86584662495,5816.54556145286,1246,0,-1246
"253","2011-01",0.0414852869540031,1226.36823589436,6985.38122774482,1397,0,-1397
"254","2011-02",0.0414980932500806,1024.70978111057,5597.44413268221,1156,0,-1156
"255","2011-03",0.0415175921984379,1071.70150640266,4944.53630828563,1023,0,-1023
"256","2011-04",0.0415416718190321,895.185444839165,2859.08107989755,601,0,-601
"257","2011-05",0.0415719253998179,867.236522064598,1317.23496832891,250,38,-212
"258","2011-06",0.0416085023691074,1069.30372351934,698.832174510552,37,108,71
"259","2011-07",0.0416496680785714,1460.89184585316,680.981219829781,0,326,326
"260","2011-08",0.0416968087856503,1334.90295426029,626.722349562579,2,162,160
"261","2011-09",0.0417490224026256,858.180761945029,901.268571028916,173,60,-113
"262","2011-10",0.0418081874943277,791.228422605319,1999.51430415326,420,0,-420
"263","2011-11",0.0418742376103433,921.009571849073,3248.88069975458,654,0,-654
"264","2011-12",0.0419462927602231,1168.63152336262,4948.03583331345,980,0,-980
"265","2012-01",0.0420241430329918,1217.62242165841,5672.40610395452,1116,0,-1116
"266","2012-02",0.0421002759543154,966.745390083757,4944.29532799415,995,0,-995
"267","2012-03",0.0421713335272976,950.164021938833,2629.63438503447,534,7,-527
"268","2012-04",0.0422389616506802,797.628703984049,2365.38159803505,555,0,-555
"269","2012-05",0.042303115707652,925.456815219697,850.101040037582,149,56,-93
"270","2012-06",0.0423625431181761,1124.42188419042,708.135653354349,45,169,124
"271","2012-07",0.0424178417205049,1590.23488521554,603.785833299332,0,341,341
"272","2012-08",0.0424685107584744,1204.43139837716,632.9064878242,11,157,146
"273","2012-09",0.0425147633525216,890.984573501929,888.248243688243,171,54,-117
"274","2012-10",0.0425579798466505,816.101539323847,2237.01638447309,473,2,-471
"275","2012-11",0.0425981546980396,941.730943027662,3846.97408432277,800,0,-800
"276","2012-12",0.0426353349545642,1122.8269196693,4877.11552173703,962,0,-962
"277","2013-01",0.0426693002843414,1219.16012002935,6029.3264472055,1198,0,-1198
"278","2013-02",0.0427052019111257,993.856838193649,5643.09606088045,1141,0,-1141
"279","2013-03",0.0427408049283662,1064.88831719442,5137.74667207359,1052,0,-1052
"280","2013-04",0.0427759611506792,876.179706815118,2903.3024022878,647,0,-647
"281","2013-05",0.0428122455224886,900.834694450438,1112.30667674714,190,46,-144
"282","2013-06",0.0428466949681697,948.875326658533,729.851670938202,55,110,55
"283","2013-07",0.0428820140376282,1331.9160475732,677.77843157691,20,211,191
"284","2013-08",0.0429168352501557,1134.31759749861,655.832906767657,21,121,100
"285","2013-09",0.0429511245842089,906.107541806594,901.705609673915,149,59,-90
"286","2013-10",0.0429861068066572,858.562783726824,1989.98929895827,423,7,-416
"287","2013-11",0.0430216089929245,946.90646988309,4484.56205460068,849,0,-849
"288","2013-12",0.0430591013257437,1187.8457698102,6224.02030145484,1249,0,-1249
"289","2014-01",0.0430966294200402,1287.98781140793,7834.03665607301,1520,0,-1520
"290","2014-02",0.0431399693444887,1055.29350578666,6417.46487939209,1364,0,-1364
"291","2014-03",0.0431886470413686,1107.7294437331,5645.04004015768,1234,0,-1234
"292","2014-04",0.0432417862431936,855.60149561728,2579.44573770356,605,0,-605
"293","2014-05",0.0432991110778515,848.377595793112,1306.76819812576,250,25,-225
"294","2014-06",0.0433611024662105,1030.81292595026,694.696242012614,27,116,89
"295","2014-07",0.0434278333901244,1062.96744848851,690.395145815394,28,94,66
"296","2014-08",0.0434977255791528,1111.36251239876,613.274785487338,14,127,113
"297","2014-09",0.0435726844146232,903.928390768383,916.410396533704,164,43,-121
"298","2014-10",0.0436527154513867,836.478133372177,2135.55944223342,459,0,-459
"299","2014-11",0.0437382715503902,940.434061640049,4796.91404377358,920,0,-920
"300","2014-12",0.0438298322707429,1128.44535958299,5040.44762970368,1031,0,-1031
"301","2015-01",0.0439266339211567,1244.40695195636,7006.5114263192,1391,0,-1391
"302","2015-02",0.0440214841386864,1038.75147470662,7454.81467798211,1491,0,-1491
"303","2015-03",0.0441118917097933,1046.34669529618,4628.24209832637,1039,0,-1039
"304","2015-04",0.0441978662383245,822.54022635775,2409.67286197979,555,0,-555
"305","2015-05",0.0442797733822078,864.005232470994,1141.7718835921,178,47,-131
"306","2015-06",0.0443577128748089,924.31542870064,721.051135769087,46,67,21
"307","2015-07",0.0444311200971197,1214.16887683487,607.232152032585,14,152,138
"308","2015-08",0.0445000388650038,1174.1021154913,639.866889122813,20,136,116
"309","2015-09",0.0445651530749359,1034.89715465586,654.398707249203,64,110,46
"310","2015-10",0.0446261631859948,806.086956592644,1789.07004711159,414,0,-414
"311","2015-11",0.0446850412810693,884.728036101262,3092.57864721284,626,0,-626
"312","2015-12",0.0447394746461725,1053.60406584864,3863.84059850539,811,0,-811
"313","2016-01",0.0447923924657654,1159.15949127828,6010.77089323442,1215,0,-1215
"314","2016-02",0.0448495387191393,976.297509360903,5187.53899199801,1047,0,-1047
"315","2016-03",0.0449101781800721,936.436641813106,3607.54626180167,783,0,-783
"316","2016-04",0.0449744430095517,836.989097829577,2967.53043690032,627,0,-627
"317","2016-05",0.0450423370406801,866.97241185984,1326.93492007644,261,47,-214
"318","2016-06",0.0451140619583032,1074.79750781005,607.89584377092,33,118,85
"319","2016-07",0.0451888455677417,1370.20871108855,588.06786802091,3,248,245
"320","2016-08",0.0452674638253024,1418.27904127545,532.779058244263,0,257,257
"321","2016-09",0.0453499175949198,1024.41088705923,723.603991725457,27,100,73
"322","2016-10",0.0454358969946213,859.462194722469,1622.60413078022,300,20,-280
"323","2016-11",0.0455271915368661,863.122351700618,2987.64442973413,612,0,-612
"324","2016-12",0.0456231318136017,1132.67979522352,5844.12352202669,1167,0,-1167
"325","2017-01",0.0457225123345521,1162.77756095676,5651.18659092222,1123,0,-1123
"326","2017-02",0.0458147697152853,905.683486671572,4173.4983547991,853,0,-853
"327","2017-03",0.0458974063339548,976.611698063941,4666.33718005191,956,0,-956
"328","2017-04",0.0459706898883419,800.672169115396,2044.08233171001,419,1,-418
"329","2017-05",0.0460340950202051,845.794415588916,1486.61469731136,299,19,-280
"330","2017-06",0.0460880867059953,1050.91556188716,657.082523077498,36,129,93
"331","2017-07",0.0461320999842319,1258.27569365489,555.706409448831,0,184,184
"332","2017-08",0.0461664981214051,1098.01545098142,586.465284961406,25,103,78
"333","2017-09",0.0461917671039862,915.166962196421,763.35513045851,112,96,-16
"334","2017-10",0.0462079415446528,874.51385857757,1572.92692269956,310,14,-296
"335","2017-11",0.0462159951093466,905.504518890106,4013.44655209177,800,0,-800
"336","2017-12",0.046215676633464,1135.56724019499,6286.78601072858,1256,0,-1256
