"","Date","Real GDP per capita (millions of chained 2012 dollars per person)","Electricity Sale to Residential Consumers per capita (MJ/person)","Natural Gas Deliveries to Residential Consumers per capita (MJ/person)","HDD","CDD","DD"
"1","1990-01",0.0184914774029147,4670.32255929631,3849.61334658703,948,0,-948
"2","1990-02",0.018503155687671,3640.11929188153,3411.01551113465,749,0,-749
"3","1990-03",0.018533749999335,3814.11810864298,2770.51380289237,563,0,-563
"4","1990-04",0.0185745448480899,3415.45902798716,1823.81881994808,295,4,-291
"5","1990-05",0.0186394018731518,3182.18178557709,1198.00066245573,161,49,-112
"6","1990-06",0.0187226064999306,3732.02608710132,746.7917389721,8,336,328
"7","1990-07",0.0188262130723942,5389.2011697097,568.457702830042,2,252,250
"8","1990-08",0.0189487514759878,5418.95622704899,539.068105247834,7,174,167
"9","1990-09",0.0190910811755663,4129.60500267113,578.17014319365,32,114,82
"10","1990-10",0.019254114057927,3299.63294014648,674.091316691623,309,2,-307
"11","1990-11",0.0194437323331816,3528.42341278595,1332.2992769889,606,0,-606
"12","1990-12",0.0196542994529041,4327.40382238638,2671.26763669812,992,0,-992
"13","1991-01",0.019886986121418,4574.66786770047,4017.15309139269,969,0,-969
"14","1991-02",0.0200971381025235,3829.36654616817,3388.40753078791,650,0,-650
"15","1991-03",0.0202897374704627,3758.98877526101,2569.0952559147,644,0,-644
"16","1991-04",0.0204589321505844,3323.29729642162,2139.93783491785,359,0,-359
"17","1991-05",0.0206031221254131,3860.33010245615,1220.93327210662,131,46,-85
"18","1991-06",0.0207219950602987,4558.2982060441,758.938447273824,34,166,132
"19","1991-07",0.0208320009211484,5595.73632485243,617.884709079625,1,235,234
"20","1991-08",0.020920357775915,5504.88755755667,545.220623159281,0,214,214
"21","1991-09",0.020989099812307,4111.14714070489,567.218688185076,78,63,-15
"22","1991-10",0.0210407871940226,3357.11350866625,734.34891531115,268,3,-265
"23","1991-11",0.021077182692157,3516.62693275686,1342.00495244756,715,0,-715
"24","1991-12",0.0210995158150299,4129.51564788329,3059.43541908716,934,0,-934
"25","1992-01",0.0211037961359132,4503.05899443076,4144.72837216756,1040,0,-1040
"26","1992-02",0.0211225341635813,3935.61811037304,3727.69265442682,725,0,-725
"27","1992-03",0.0211524793460347,3967.38143874941,2659.61391486514,585,0,-585
"28","1992-04",0.0211916019060965,3397.84584254305,1881.55080572099,273,7,-266
"29","1992-05",0.0212433718716545,3169.96965070258,1044.24093824563,133,16,-117
"30","1992-06",0.0213066655556732,3784.08667810643,772.417693805356,30,139,109
"31","1992-07",0.0213827307208438,4725.45491632452,638.358381523411,2,259,257
"32","1992-08",0.0214680862301387,4458.47164251231,583.584631966113,9,221,212
"33","1992-09",0.021568236369581,3902.84104576516,608.485964801228,42,103,61
"34","1992-10",0.0216817409331149,3276.17204009832,705.739837404453,222,0,-222
"35","1992-11",0.0218107179184707,3536.40027254643,1358.60552173668,788,0,-788
"36","1992-12",0.0219548111472428,4140.94734909723,3536.90198760057,1001,0,-1001
"37","1993-01",0.0221112425947976,4459.80513363793,3767.96988512126,835,0,-835
"38","1993-02",0.0222802072226056,4100.38201232942,3129.65432839774,704,0,-704
"39","1993-03",0.0224590924412473,4116.8823250484,2357.5664489425,580,0,-580
"40","1993-04",0.0226444279956057,3466.13781939158,1278.95198652458,337,3,-334
"41","1993-05",0.0228384356993394,3135.90707913272,661.29865248516,137,43,-94
"42","1993-06",0.0230397520836712,3775.39075115888,297.989154895844,24,199,175
"43","1993-07",0.0232491429683271,5593.35858274818,648.598902983202,0,325,325
"44","1993-08",0.0234652720920322,5346.32378973984,569.984703944065,3,227,224
"45","1993-09",0.0236914851115528,4409.40449237392,622.339380944202,72,71,-1
"46","1993-10",0.0239269293831206,3308.69648856358,1336.85139323151,360,5,-355
"47","1993-11",0.024175067748815,3453.46452007959,2906.90828703758,719,0,-719
"48","1993-12",0.0244334269480698,3974.06535916465,3862.71575218488,897,0,-897
"49","1994-01",0.0247006020900519,4709.25832129968,3204.23938329356,902,0,-902
"50","1994-02",0.0249410966218328,4236.24806979943,3157.22888046373,749,0,-749
"51","1994-03",0.0251472332188976,4130.37131935964,2201.00122540202,550,0,-550
"52","1994-04",0.0253158211012696,3331.28738812683,1361.73599727906,336,2,-334
"53","1994-05",0.0254575731360146,3062.2871863468,705.342324706156,124,50,-74
"54","1994-06",0.0255649481930117,3962.45853350257,629.669775585649,1,310,309
"55","1994-07",0.02564052869752,5609.67984847697,596.984911673484,0,350,350
"56","1994-08",0.0256846455582517,5029.99224639466,527.728049831877,0,327,327
"57","1994-09",0.0256976833289898,3710.6499647864,570.644105166713,43,102,59
"58","1994-10",0.0256817129772815,3199.00354202861,1420.34808353946,334,8,-326
"59","1994-11",0.0256388912854217,3282.44652035681,2625.21833151414,648,0,-648
"60","1994-12",0.0255676084094608,3985.96780721989,3312.39215786337,802,0,-802
"61","1995-01",0.0254671469977471,4311.58506110485,3471.69867106595,882,0,-882
"62","1995-02",0.0253892007308017,3968.60564985421,2579.15690184968,551,0,-551
"63","1995-03",0.0253325067150383,3802.95624400524,1752.32406988825,548,0,-548
"64","1995-04",0.0252923479889628,3209.82324201711,1479.65287817104,425,1,-424
"65","1995-05",0.0252751001974237,3100.1717101356,1122.95871251807,165,25,-140
"66","1995-06",0.0252751800336765,3810.54208484534,886.67798350279,31,162,131
"67","1995-07",0.0252941230780191,5054.03651752508,488.887805902372,5,289,284
"68","1995-08",0.0253334963399524,5762.32035651834,525.599927271154,0,328,328
"69","1995-09",0.0253909102079687,4124.99113504901,524.163267883838,64,123,59
"70","1995-10",0.0254691284669257,3232.42337643945,848.087319817542,277,0,-277
"71","1995-11",0.0255730487678541,3464.04430233454,1943.81773224318,527,0,-527
"72","1995-12",0.0257009204719389,4235.84884090805,2982.04608336521,830,0,-830
"73","1996-01",0.0258513752386397,4658.79867551075,4551.45082450615,862,0,-862
"74","1996-02",0.0259802789147233,4186.87481045159,2957.47923315403,608,0,-608
"75","1996-03",0.0260856293952286,3975.84140281221,1972.83300560951,629,0,-629
"76","1996-04",0.0261665727655412,3310.74903850467,1651.91511400998,331,13,-318
"77","1996-05",0.0262270617330974,3244.12337068916,389.265792426402,49,150,101
"78","1996-06",0.0262639199831871,3985.69984416696,1084.31930674836,3,266,263
"79","1996-07",0.0262792020397261,4700.77200011171,1033.52265691427,0,335,335
"80","1996-08",0.0262703218202549,4769.0310214221,531.770914187034,0,246,246
"81","1996-09",0.0262406266652931,4308.60170974655,536.290283862597,96,63,-33
"82","1996-10",0.0261917439660964,3232.71406728735,844.299544816075,331,12,-319
"83","1996-11",0.0261224039080586,3421.55524866411,2339.73873876097,608,0,-608
"84","1996-12",0.0260385721999725,3964.23800447436,3589.5844367,846,0,-846
"85","1997-01",0.025935598520725,4490.08973775286,4668.66657398767,975,0,-975
"86","1997-02",0.0259563181339028,3715.25650244216,3589.31127358414,742,0,-742
"87","1997-03",0.0260977206046176,3577.72746740958,2427.83909283541,512,0,-512
"88","1997-04",0.0263578182287188,3198.76719994838,956.917486949278,438,1,-437
"89","1997-05",0.0267401771216788,2912.69027795887,1241.91156014327,107,64,-43
"90","1997-06",0.027241445338612,3754.41473627721,150.9272444111,21,181,160
"91","1997-07",0.0278623617516741,5425.27869312274,517.360514078959,0,304,304
"92","1997-08",0.0285990528887512,4882.28833412164,535.073100524168,0,263,263
"93","1997-09",0.0294568473039301,3918.7719585365,526.313781519835,24,163,139
"94","1997-10",0.0304364788005957,3231.08407764559,765.393162349558,336,22,-314
"95","1997-11",0.0315393395977493,3501.21776477977,2573.04948196534,662,0,-662
"96","1997-12",0.0327654939166806,3958.50670298049,5158.85376226816,1026,0,-1026
"97","1998-01",0.0341095062430961,4160.19438223803,5018.85940557364,842,0,-842
"98","1998-02",0.035340951720327,3597.34148705168,2750.51333144946,742,0,-742
"99","1998-03",0.0364551869837252,3503.9118444739,2993.54745000884,633,0,-633
"100","1998-04",0.0374438651167499,3164.86924222743,1634.76700605513,462,0,-462
"101","1998-05",0.0383149901584135,3598.98635022135,801.285213754109,118,53,-65
"102","1998-06",0.039067729297892,3876.02597517891,179.174984595528,28,212,184
"103","1998-07",0.0397028363151684,5611.2214943002,518.801451822887,0,335,335
"104","1998-08",0.0402181800886564,5573.83627234587,530.200246871686,1,263,262
"105","1998-09",0.0406194892119117,4550.20317102398,527.30774342877,12,179,167
"106","1998-10",0.0409066200781044,3328.52377614601,734.71828175166,277,13,-264
"107","1998-11",0.0410814640522691,3406.48561743726,2230.74813771378,560,0,-560
"108","1998-12",0.0411458330439987,3785.44746096594,4589.79999778499,844,0,-844
"109","1999-01",0.0410917563234437,4558.99819451265,4083.68741480568,777,0,-777
"110","1999-02",0.0410423613443704,3661.29741658022,2565.5717171235,613,0,-613
"111","1999-03",0.0409853536798519,3927.44097795567,2782.75211820249,522,0,-522
"112","1999-04",0.0409128207396122,3235.9016153481,1524.56330901094,405,3,-402
"113","1999-05",0.0408316453125154,3104.68248914558,1033.57365662952,153,50,-103
"114","1999-06",0.0407408120308901,4427.4730329543,701.710473454533,31,174,143
"115","1999-07",0.0406422056611427,6485.91038620703,595.825272530244,0,278,278
"116","1999-08",0.0405352235208575,6110.1519101266,500.143635846343,0,226,226
"117","1999-09",0.0404234027874802,4760.1725285359,636.816050976081,63,96,33
"118","1999-10",0.0403068677067305,3341.35937123375,1411.33594684883,298,4,-294
"119","1999-11",0.040190667207016,3210.93992640295,2514.44064089008,521,0,-521
"120","1999-12",0.0400733064917842,3984.6345291507,3835.13871295814,935,0,-935
"121","2000-01",0.0399484424765847,4489.3005502073,3140.30668968775,793,0,-793
"122","2000-02",0.039842934017672,4085.68696429075,2666.8965223526,613,0,-613
"123","2000-03",0.0397470256990748,3540.58026658218,2062.05728982204,574,0,-574
"124","2000-04",0.0396535863755521,3326.84976287157,2047.67892227385,257,12,-245
"125","2000-05",0.0395771885213943,3425.72355832177,686.522458396087,68,143,75
"126","2000-06",0.0395062063637847,4378.80819296917,939.424364431422,1,226,225
"127","2000-07",0.0394391630150101,5087.75209418015,576.384810978125,0,343,343
"128","2000-08",0.0393835881724991,4995.93214373707,583.639472652609,0,295,295
"129","2000-09",0.0393348322150714,4331.39416477621,720.934789726163,34,164,130
"130","2000-10",0.0392957528665535,3201.31856687926,1483.02311693341,340,24,-316
"131","2000-11",0.0392694863327972,3445.56635157077,2760.92450466893,813,0,-813
"132","2000-12",0.0392515195224723,4222.1358393796,3821.75333778324,898,0,-898
"133","2001-01",0.0392473638618286,4593.45372145349,3914.62238193619,1016,0,-1016
"134","2001-02",0.0392533176947409,3964.01067238975,3993.31381003132,698,0,-698
"135","2001-03",0.0392652615690677,3876.9859640817,2920.75451680908,605,0,-605
"136","2001-04",0.0392821845808742,3427.39201359854,1922.85018017467,302,2,-300
"137","2001-05",0.0393077500542375,3307.81935076018,1100.84666040789,90,85,-5
"138","2001-06",0.0393372947638762,4520.94210008812,629.946327555265,10,254,244
"139","2001-07",0.0393749336291853,5280.44038204033,530.414975683017,0,359,359
"140","2001-08",0.0394180092319133,6019.96875990225,503.97041888169,0,257,257
"141","2001-09",0.0394666508242458,4418.69307930385,536.856826863173,20,122,102
"142","2001-10",0.0395357071022324,3538.73286837235,660.623860131374,227,2,-225
"143","2001-11",0.0396064865772584,3384.80624280206,1123.91429156655,561,0,-561
"144","2001-12",0.0396873587259187,3850.18039820974,2807.2336644053,924,0,-924
"145","2002-01",0.0397786411169578,4326.38213721681,3661.59567448868,871,0,-871
"146","2002-02",0.0398648058282599,3593.02185330784,3645.1082240796,758,0,-758
"147","2002-03",0.0399497199385364,3726.31971695658,2949.44047733156,617,0,-617
"148","2002-04",0.0400253196127746,3522.68817133192,1576.51745533938,192,12,-180
"149","2002-05",0.0400932149386733,3385.31818089576,752.797633422049,98,70,-28
"150","2002-06",0.0401528039830747,4536.52272764781,568.997044006519,2,313,311
"151","2002-07",0.0402092469211967,6326.06677995659,484.356618528332,0,325,325
"152","2002-08",0.0402584513700934,6261.034894034,480.26049282206,0,310,310
"153","2002-09",0.0403003851885536,4897.09428904199,491.406578844943,43,119,76
"154","2002-10",0.0403392072979954,3635.49797961431,672.839902897442,331,4,-327
"155","2002-11",0.0403762315801468,3592.22471910614,1571.81769363969,656,0,-656
"156","2002-12",0.0404148697095261,5055.29663569075,2862.80910160071,931,0,-931
"157","2003-01",0.0404486914562304,4958.70359624001,3549.25283188292,743,0,-743
"158","2003-02",0.0405188266749557,4082.33108931152,2957.88789049196,699,0,-699
"159","2003-03",0.0406163524537513,4183.89106980055,2683.16960921969,591,0,-591
"160","2003-04",0.0407372040368366,3440.85090553452,1794.53351018063,328,0,-328
"161","2003-05",0.0408817343226431,3297.84026149066,952.70766655833,98,96,-2
"162","2003-06",0.0410331325868532,4185.1413795192,587.328723353404,12,201,189
"163","2003-07",0.0412061118195192,6207.74232557203,485.481009919113,0,441,441
"164","2003-08",0.04140548627914,6357.7980095422,437.877340293153,0,337,337
"165","2003-09",0.0416335911782046,4480.73854647263,472.779981907,35,136,101
"166","2003-10",0.0418880204506208,3464.66960290431,565.551533814046,165,19,-146
"167","2003-11",0.0421705192063532,3547.58653161841,1160.58527728728,590,0,-590
"168","2003-12",0.042485308294519,4486.12154239835,2756.25928156513,858,0,-858
"169","2004-01",0.0428280392554499,5021.84180625477,3540.26322324365,860,0,-860
"170","2004-02",0.0431373488529017,4382.16733995252,3579.67729705033,845,0,-845
"171","2004-03",0.0434074372102732,3861.12615827062,2928.33920819739,440,0,-440
"172","2004-04",0.0436308528105774,3484.39169747612,1517.99881893024,362,0,-362
"173","2004-05",0.0438126367144111,3861.05764242253,995.325442115344,95,93,-2
"174","2004-06",0.0439604368794921,4692.37444529356,572.766090590016,11,217,206
"175","2004-07",0.0440684979898346,5947.27293410373,499.758588540618,3,305,302
"176","2004-08",0.0441357312879467,5840.22363144427,479.660348477593,3,208,205
"177","2004-09",0.0441657816416113,4604.80963327863,494.564635395398,72,93,21
"178","2004-10",0.0441563184127602,3566.76573902832,688.551764719513,292,2,-290
"179","2004-11",0.0441164170388737,3520.33542855764,1532.81044768276,683,0,-683
"180","2004-12",0.0440421658177497,4539.14719767586,2926.46807761714,986,0,-986
"181","2005-01",0.0439307801099858,4711.53139834608,3417.41978775171,767,0,-767
"182","2005-02",0.0438491361806576,4212.32383872207,3101.18204163152,686,0,-686
"183","2005-03",0.0437800819647326,4172.5854680827,2618.24753118448,658,0,-658
"184","2005-04",0.0437202408127896,3549.28197586113,2079.4529612773,391,0,-391
"185","2005-05",0.0436743338732319,3279.55710519509,1074.59206827975,149,76,-73
"186","2005-06",0.0436487452980091,5198.27839534356,607.372533066266,24,192,168
"187","2005-07",0.0436367660525191,6727.74812744185,498.925907468832,0,357,357
"188","2005-08",0.0436420720513603,7044.00778655177,468.317966538027,2,225,223
"189","2005-09",0.0436624520951876,5233.49990084405,491.490974495671,27,129,102
"190","2005-10",0.043700523899973,3923.04114477644,610.64266468263,302,10,-292
"191","2005-11",0.043766435412052,3658.88505553468,1185.09446795488,598,0,-598
"192","2005-12",0.0438424418394046,4583.66595216153,2730.49171651201,874,0,-874
"193","2006-01",0.0439396478202246,4466.60319563495,2873.47146340084,776,0,-776
"194","2006-02",0.0440251549593379,4081.17408265986,2846.73746228539,640,0,-640
"195","2006-03",0.0441050737527116,3956.50021965382,2340.4585229242,551,0,-551
"196","2006-04",0.0441703995939351,3223.82194605906,1553.75642218302,230,5,-225
"197","2006-05",0.0442264620994634,3430.4976306319,736.242260868918,59,92,33
"198","2006-06",0.0442668562091572,4890.47306382975,528.143518721532,2,261,259
"199","2006-07",0.0442944720727135,6885.09935595199,464.834923587097,0,313,313
"200","2006-08",0.0443136626129772,6433.55501890201,458.125649300583,0,193,193
"201","2006-09",0.0443176204291947,4259.74668835108,494.898217687751,112,14,-98
"202","2006-10",0.0443159025136529,3493.9626491588,678.181817452016,333,4,-329
"203","2006-11",0.0443066829475954,3608.26901709701,1374.79941048077,533,0,-533
"204","2006-12",0.0442824069887465,4307.69180098342,2699.33629717965,887,0,-887
"205","2007-01",0.0442532297838459,4495.18648979554,3758.26229822652,1003,0,-1003
"206","2007-02",0.0442224606856959,4196.29891662783,3480.93083428203,659,0,-659
"207","2007-03",0.0441874531006498,4241.45087771729,2660.87211667093,482,0,-482
"208","2007-04",0.0441406746280906,3511.09144156299,1439.22880879609,364,0,-364
"209","2007-05",0.0440886567931434,3690.18818897667,1046.31275668691,132,14,-118
"210","2007-06",0.0440261411776203,5206.21813981733,617.651257203072,15,205,190
"211","2007-07",0.0439532514546659,5858.07232443029,482.890699852685,0,293,293
"212","2007-08",0.043872956886347,6192.75331635629,463.642454397967,0,305,305
"213","2007-09",0.0437858906550131,4799.33767612235,464.274042069392,19,130,111
"214","2007-10",0.0436956268223119,3873.75245576989,590.411420011442,236,18,-218
"215","2007-11",0.0435978881081589,3781.84865354446,1085.76634115988,508,0,-508
"216","2007-12",0.0434963894252004,4552.60271021333,2420.30991374997,864,0,-864
"217","2008-01",0.0433929547715625,4618.33146132237,3840.5624350453,941,0,-941
"218","2008-02",0.0433103091830412,4165.99606024543,3579.32157893689,694,0,-694
"219","2008-03",0.043245675158555,3861.59526204768,2535.37436644504,530,0,-530
"220","2008-04",0.0432039699233571,3286.46727665827,1539.97477405099,348,1,-347
"221","2008-05",0.0431748836144982,3346.62439789247,949.141789215119,152,53,-99
"222","2008-06",0.0431657792933467,5157.63126545082,607.024014404151,12,238,226
"223","2008-07",0.0431728976168597,6678.88965173676,479.180679284976,0,251,251
"224","2008-08",0.0431962520105801,5532.40976419496,438.946081795571,3,218,215
"225","2008-09",0.0432398986689225,4544.44654273218,471.441264320737,51,38,-13
"226","2008-10",0.0433046749095655,3522.7393124465,591.829568290975,280,0,-280
"227","2008-11",0.0433900623656649,3673.84245892102,1210.87598873612,556,0,-556
"228","2008-12",0.04349967904965,4358.49326549565,2375.56098134514,816,0,-816
"229","2009-01",0.0436255896659333,4967.80819559744,3279.67451212566,795,0,-795
"230","2009-02",0.0437264964376885,3882.29540450838,2422.27433307855,593,0,-593
"231","2009-03",0.043796060216951,3928.02483445761,2244.90493164503,498,0,-498
"232","2009-04",0.0438384458553998,3486.24223670177,1755.23239595813,361,1,-360
"233","2009-05",0.0438484432141824,3333.33244599679,950.041451904165,56,55,-1
"234","2009-06",0.0438273812412988,4070.65454410198,555.868737003794,17,165,148
"235","2009-07",0.0437751977545151,5066.45666389851,480.114143015992,0,330,330
"236","2009-08",0.0436931005994311,6119.15937419931,448.2897699446,1,257,256
"237","2009-09",0.04357785217468,4074.70062342579,463.870762672248,68,67,-1
"238","2009-10",0.0434358200163088,3365.08184211111,650.677031266008,343,2,-341
"239","2009-11",0.0432673168215552,3300.40701343696,1400.45634403575,557,0,-557
"240","2009-12",0.0430777776969806,4269.73938836651,2894.09665026489,984,0,-984
"241","2010-01",0.0428572937852737,4783.6100884338,3568.23461178884,927,0,-927
"242","2010-02",0.0426596760227274,3932.00249065535,3342.71584796089,761,0,-761
"243","2010-03",0.0424853378837498,3599.44765744966,2664.2316808306,613,0,-613
"244","2010-04",0.0423310132898207,3151.16201848204,1795.94756621632,326,0,-326
"245","2010-05",0.0421969717779342,3634.51030950883,958.328581843317,153,37,-116
"246","2010-06",0.0420835045314678,5211.75471656515,568.825710163875,5,263,258
"247","2010-07",0.0419864990429679,6923.6880882674,439.742065599087,0,290,290
"248","2010-08",0.0419062761931803,6084.50186580158,428.65117769354,0,274,274
"249","2010-09",0.0418431083776096,4703.46421472238,433.926102173289,9,156,147
"250","2010-10",0.0417992192988991,3303.48149372055,550.836268951123,213,9,-204
"251","2010-11",0.0417808016316443,3271.38075962751,1232.54245058837,630,0,-630
"252","2010-12",0.0417829783895473,4238.58309151344,2634.7968518301,720,0,-720
"253","2011-01",0.0418015371893211,5122.95334817327,3402.1485024672,911,0,-911
"254","2011-02",0.0418272265950047,3767.81135446746,3451.36007084045,767,0,-767
"255","2011-03",0.0418569518063269,3648.04630912004,2207.61705444619,409,0,-409
"256","2011-04",0.041882143378971,3142.05312805952,1206.6785003723,243,6,-237
"257","2011-05",0.0419093289670039,3494.21976669383,859.051531535655,169,40,-129
"258","2011-06",0.0419391485959904,4662.33049452504,598.856523628379,4,278,274
"259","2011-07",0.0419645560073397,6678.57930025891,459.515993112267,0,376,376
"260","2011-08",0.041991227622623,5822.82315810304,410.2169809778,0,363,363
"261","2011-09",0.0420155102295159,4645.9831003081,448.243755222033,33,104,71
"262","2011-10",0.042045066532992,3254.51299634816,620.645608217749,269,3,-266
"263","2011-11",0.0420796243833397,2977.0147606981,1407.17601293643,600,0,-600
"264","2011-12",0.042115604458807,3723.59219560206,2874.61268326625,987,0,-987
"265","2012-01",0.0421521532880963,4305.39934876664,3371.89051635834,790,0,-790
"266","2012-02",0.042183329114736,3556.01361849069,2799.46702226731,713,0,-713
"267","2012-03",0.0421955625804698,3247.44166583785,1914.73524132117,483,0,-483
"268","2012-04",0.0421955523389608,3001.41867543505,926.629696577999,234,16,-218
"269","2012-05",0.0421831440445407,3416.00866935541,609.65176589001,87,73,-14
"270","2012-06",0.0421533295632201,4668.36187606447,508.274755560666,0,299,299
"271","2012-07",0.0421085611935495,6597.57924252962,457.023844036936,0,321,321
"272","2012-08",0.0420468793691184,6197.86729689406,468.882288913208,0,306,306
"273","2012-09",0.0419691926131401,4156.99517843771,495.313874927337,40,120,80
"274","2012-10",0.0418810341456911,3187.04959737877,713.076694384971,224,7,-217
"275","2012-11",0.0417823802100299,3516.75940755554,1664.11265900576,491,0,-491
"276","2012-12",0.0416734103924269,3671.86929879971,3038.80618312684,831,0,-831
"277","2013-01",0.0415532468356649,4294.36237958119,3987.90407994714,952,0,-952
"278","2013-02",0.0414642306346695,3676.13523359229,2932.05154471672,739,0,-739
"279","2013-03",0.0413976134112206,3683.41279893508,1850.69498337615,479,0,-479
"280","2013-04",0.0413528721404532,3020.22160521181,1118.83494180105,296,4,-292
"281","2013-05",0.0413361971838662,3411.61492569685,761.300748707284,123,79,-44
"282","2013-06",0.0413360760614448,4632.99996429711,497.433637360975,3,325,322
"283","2013-07",0.0413630909359746,6741.27680769999,416.102636611405,0,297,297
"284","2013-08",0.0414119475559028,5161.23366575427,487.519313043528,0,278,278
"285","2013-09",0.0414825417486456,3901.98921485172,508.321341383624,42,122,80
"286","2013-10",0.0415796799509363,3237.45331757096,936.821029020712,318,2,-316
"287","2013-11",0.04170272806719,3432.38705327179,1911.65225675716,600,0,-600
"288","2013-12",0.0418575088535811,4089.40435084995,3370.26208138502,890,0,-890
"289","2014-01",0.0420364316370095,4609.38463951523,3294.07211805479,824,0,-824
"290","2014-02",0.0422093310835213,3873.25333182596,2484.78171613913,555,0,-555
"291","2014-03",0.0423743880492864,3945.51145090226,1835.8846149178,499,0,-499
"292","2014-04",0.0425281529363616,3118.4851134268,1195.997809985,335,2,-333
"293","2014-05",0.0426695341009039,2979.20754684757,786.480344367485,149,57,-92
"294","2014-06",0.0428004594747362,4417.34743230117,544.385915613471,4,282,278
"295","2014-07",0.0429212404256469,5862.71844709439,488.583453904155,0,332,332
"296","2014-08",0.0430255743198222,4985.66478977334,473.934091584378,2,217,215
"297","2014-09",0.0431211089594011,4010.75847586536,435.806958490866,17,122,105
"298","2014-10",0.043207894735961,3098.70073232701,665.426802231037,182,2,-180
"299","2014-11",0.0432877720886712,3433.62842190641,1797.98887364154,604,0,-604
"300","2014-12",0.0433626828534984,3866.85234287417,2888.0896882689,787,0,-787
"301","2015-01",0.0434295789767024,4722.70355993426,3262.32068313977,855,0,-855
"302","2015-02",0.0434957040952413,3918.33013508482,2618.3143399945,592,0,-592
"303","2015-03",0.0435511202389781,3972.92031153938,1787.28870465621,446,0,-446
"304","2015-04",0.0435959117742319,2988.72540705711,1002.36038493534,311,0,-311
"305","2015-05",0.0436315866009166,3645.91927096213,821.122202270328,168,16,-152
"306","2015-06",0.0436585864508509,4632.22316360344,659.170142488703,6,260,254
"307","2015-07",0.043674704241685,6045.29514140031,421.975394037958,1,300,299
"308","2015-08",0.0436801661473981,5911.75551263478,438.580777798073,0,317,317
"309","2015-09",0.0436777403131562,4670.0195892553,432.716863655506,6,174,168
"310","2015-10",0.0436662783022687,3139.55652502112,650.680349568762,202,19,-183
"311","2015-11",0.043653626259801,3090.7289312516,1960.99486392165,588,0,-588
"312","2015-12",0.0436306504555668,3647.34649358653,3237.04553820792,853,0,-853
"313","2016-01",0.0436089447825971,4140.96392056525,3514.51408560127,887,0,-887
"314","2016-02",0.0435920718342014,3679.27772574218,2589.26468521758,596,0,-596
"315","2016-03",0.0435771708348382,3304.53956262904,1741.8393139742,439,0,-439
"316","2016-04",0.043564806222137,2920.32690349899,1135.41476470354,314,0,-314
"317","2016-05",0.0435550400402153,3395.85003551462,805.888570473505,146,32,-114
"318","2016-06",0.0435487114621383,4529.16034632372,565.556843332418,2,303,301
"319","2016-07",0.0435428564426487,6523.445158254,437.292590845577,0,418,418
"320","2016-08",0.0435405678718223,6691.55707465146,403.914052417389,0,255,255
"321","2016-09",0.0435419068059776,4699.25558850712,486.250530540258,15,149,134
"322","2016-10",0.0435457308407544,3250.41743045604,632.690049219394,99,34,-65
"323","2016-11",0.0435590540210729,3133.80590797321,1599.16829824485,497,0,-497
"324","2016-12",0.0435793299464305,3948.57682578222,3072.47905284369,779,0,-779
"325","2017-01",0.0436019557898437,4060.69178679171,3141.61073925782,794,0,-794
"326","2017-02",0.0436251075047575,3307.58151824134,2188.93144747303,513,0,-513
"327","2017-03",0.0436391017516636,3671.19126118196,1551.09658257356,338,3,-335
"328","2017-04",0.0436449703270548,2898.77979179841,1087.74117887979,269,2,-267
"329","2017-05",0.0436406864596629,3249.53049133291,734.876347001584,125,39,-86
"330","2017-06",0.0436280480693331,4661.5887994512,495.785257096366,4,291,287
"331","2017-07",0.0436048896837494,6068.23804357697,437.108521899838,0,347,347
"332","2017-08",0.043572622168651,5296.26521278683,425.807332914155,0,245,245
"333","2017-09",0.0435331175696489,4170.785993792,450.346730452878,41,144,103
"334","2017-10",0.043486511887257,3279.11291517235,787.9922041363,237,24,-213
"335","2017-11",0.0434365144853968,3175.8153655029,1489.5378307486,385,0,-385
"336","2017-12",0.0433821506723145,4068.1399656645,2820.87198108428,751,0,-751
