"","Date","Real GDP per capita (millions of chained 2012 dollars per person)","Electricity Sale to Residential Consumers per capita (MJ/person)","Natural Gas Deliveries to Residential Consumers per capita (MJ/person)","HDD","CDD","DD"
"1","1990-01",0.032797802330209,184.458947522154,4561.13568854069,846,0,-846
"2","1990-02",0.0327820417199228,156.212389974273,3443.40967932382,761,0,-761
"3","1990-03",0.0327639398688387,151.275513483398,3260.33900211627,676,2,-674
"4","1990-04",0.0327369119722145,134.002614455868,2501.1078408759,443,18,-425
"5","1990-05",0.0327115785071372,118.19245246602,1349.49280118946,203,4,-199
"6","1990-06",0.0326836618448476,114.577268414338,867.066447628697,18,144,126
"7","1990-07",0.0326547938055871,117.417175272258,706.209538314213,5,292,287
"8","1990-08",0.0326239538724873,126.062368597236,635.270470825982,5,242,237
"9","1990-09",0.0325918802452663,118.920276376297,750.486987275768,106,81,-25
"10","1990-10",0.0325593369738232,110.336818612943,943.131009648311,251,50,-201
"11","1990-11",0.0325306789322629,126.48936409745,1993.38050153978,554,0,-554
"12","1990-12",0.0325018012278544,140.719876747009,3176.2105538367,800,0,-800
"13","1991-01",0.0324735999471733,163.321906966066,4319.75331234313,1037,0,-1037
"14","1991-02",0.0324504307402995,156.664593588331,3861.83324160554,789,0,-789
"15","1991-03",0.0324358187417294,143.071023911049,3389.81051178456,686,0,-686
"16","1991-04",0.0324256619206039,130.971989744781,2287.33303637989,387,13,-374
"17","1991-05",0.0324188873151208,113.181767456318,1195.97195248978,104,137,33
"18","1991-06",0.0324152956388706,110.102341519051,752.567280271928,17,199,182
"19","1991-07",0.0324261095216496,116.828601665079,660.519925215692,0,310,310
"20","1991-08",0.0324424916173744,123.203670456081,640.022393244383,0,290,290
"21","1991-09",0.032465775144887,117.218708914248,724.517711766125,107,104,-3
"22","1991-10",0.0324976342153836,113.108023277784,1226.07707182979,323,12,-311
"23","1991-11",0.0325391986201914,119.23409847105,2273.85039178863,603,0,-603
"24","1991-12",0.0325912456641168,145.595724314295,3462.96812986801,854,0,-854
"25","1992-01",0.0326509973046541,168.970169230156,4359.25006699309,998,0,-998
"26","1992-02",0.0327058173343513,162.80117946135,4337.37747691752,889,0,-889
"27","1992-03",0.032753538133857,149.252398273522,3758.54882920817,840,0,-840
"28","1992-04",0.0327928215941428,136.356382566285,2824.70856253886,499,0,-499
"29","1992-05",0.0328261145739185,130.098236832401,1631.46205904575,238,20,-218
"30","1992-06",0.0328527122287201,97.6037997195191,860.784350945146,28,83,55
"31","1992-07",0.0328735400358285,113.672662270944,730.962350297878,2,237,235
"32","1992-08",0.032886283867601,114.275975462597,685.739676318418,9,154,145
"33","1992-09",0.0328947841089726,115.959972245157,743.86211958544,86,84,-2
"34","1992-10",0.0328981153619833,114.890749685463,1443.97141212809,446,0,-446
"35","1992-11",0.0328977674698049,125.16610664879,2499.05906122732,629,0,-629
"36","1992-12",0.0328935310724826,147.851059969444,3833.60651990942,929,0,-929
"37","1993-01",0.03288357425319,169.943083914459,4135.4171777569,935,0,-935
"38","1993-02",0.0328824545590072,155.215426402043,4669.92588289927,1034,0,-1034
"39","1993-03",0.0328884591790146,159.877835962432,4264.40043713311,886,0,-886
"40","1993-04",0.0328993606573951,133.232118115021,2695.84692645724,442,0,-442
"41","1993-05",0.0329166964312394,111.223547417606,1178.54505475571,119,34,-85
"42","1993-06",0.0329396496716242,107.405919357056,804.68263532521,36,168,132
"43","1993-07",0.0329687949664881,118.155492190063,687.348037792784,0,355,355
"44","1993-08",0.0330033542315031,117.037504315817,621.398146621323,0,272,272
"45","1993-09",0.0330455386045932,116.804437409063,713.331046247995,104,114,10
"46","1993-10",0.0330948617162076,113.569841895605,1329.26450993257,392,0,-392
"47","1993-11",0.0331535494700826,121.50171560191,2375.27674286881,639,1,-638
"48","1993-12",0.033220085139711,139.871127455088,3666.86211030899,968,0,-968
"49","1994-01",0.0332936540698563,172.63284464854,6053.23200028198,1300,0,-1300
"50","1994-02",0.0333626821590216,164.579241760858,5607.67009586996,1037,0,-1037
"51","1994-03",0.0334223206306046,150.342574652474,4377.55760476455,835,0,-835
"52","1994-04",0.0334705477354003,132.224716436633,2486.65719751679,355,4,-351
"53","1994-05",0.0335137808595191,112.192452665702,1248.94081981793,223,25,-198
"54","1994-06",0.03354734343177,110.187599625084,877.937152949243,11,228,217
"55","1994-07",0.0335727116288627,124.067915671577,731.968899373465,0,368,368
"56","1994-08",0.0335899979843318,125.88778209725,727.57426076049,11,178,167
"57","1994-09",0.0335993517438543,112.125169210973,809.142014929457,75,51,-24
"58","1994-10",0.0336019487493085,110.408872308694,1363.62764694802,390,0,-390
"59","1994-11",0.0335990341938522,110.538148303193,2019.87449002447,501,0,-501
"60","1994-12",0.0335895860685897,134.686348321846,3633.42066111023,815,0,-815
"61","1995-01",0.0335731274960621,158.731386163034,4194.56463127172,913,0,-913
"62","1995-02",0.0335845795429147,140.732960854442,4617.33972997159,1015,0,-1015
"63","1995-03",0.0336231894105892,135.812487084738,3506.95844173475,689,0,-689
"64","1995-04",0.0336860529179969,123.012578837818,2360.65876177905,476,0,-476
"65","1995-05",0.033777117331337,108.449486244552,1272.92060572021,204,13,-191
"66","1995-06",0.0338929274382999,112.098181085194,744.509401049372,9,141,132
"67","1995-07",0.0340344357945163,127.487577946549,653.746967243004,1,336,335
"68","1995-08",0.0342026320402592,131.801048601891,599.946460212919,1,282,281
"69","1995-09",0.0343960204432873,101.95982368794,678.89223263529,85,83,-2
"70","1995-10",0.0346163552246275,106.629031894777,984.83322014442,249,18,-231
"71","1995-11",0.0348667825693653,122.037379650774,2520.3630310339,737,1,-736
"72","1995-12",0.0351462405659207,151.909603943345,4539.66999911012,1094,0,-1094
"73","1996-01",0.0354538951307174,176.16205227761,5647.99688969371,1133,0,-1133
"74","1996-02",0.0356891672640801,145.267286154081,5053.57224827184,969,0,-969
"75","1996-03",0.0358507970876104,141.156516245689,4298.62030634404,895,0,-895
"76","1996-04",0.0359382679720823,122.542249574974,2786.91961693394,437,3,-434
"77","1996-05",0.0359541732005221,109.620163974534,1626.26296608094,246,41,-205
"78","1996-06",0.0358965186034869,115.544742710195,874.757899421763,14,167,153
"79","1996-07",0.0357666862875367,118.214083788862,695.84959921796,0,210,210
"80","1996-08",0.0355630910925693,131.199242290102,642.605088397917,1,215,214
"81","1996-09",0.0352879491000253,112.744901331822,745.390558710267,74,111,37
"82","1996-10",0.0349423507089816,116.50580135582,1350.23189886814,339,0,-339
"83","1996-11",0.0345255477636393,122.858413636249,2576.57258689659,748,0,-748
"84","1996-12",0.0340412777562727,129.628219495656,4078.91008345942,827,0,-827
"85","1997-01",0.0334866382567784,166.558849120596,4965.66548594949,1086,0,-1086
"86","1997-02",0.0331815022364298,130.817995677471,4542.20718912594,770,0,-770
"87","1997-03",0.033123929296084,136.450960179747,4442.11797241513,756,0,-756
"88","1997-04",0.0333126043675201,122.346405639517,2755.39243894751,508,0,-508
"89","1997-05",0.0337494824612078,108.591909563185,1562.11100408287,249,3,-246
"90","1997-06",0.0344323486585056,112.69348335714,895.507847278501,64,154,90
"91","1997-07",0.0353613865880862,125.400261582697,707.143858690754,2,280,278
"92","1997-08",0.0365339668755102,114.485595837314,640.517381491356,3,195,192
"93","1997-09",0.0379529482026382,116.296320544063,730.950220197636,89,71,-18
"94","1997-10",0.0396184532532072,111.008030171213,1251.93062802098,369,16,-353
"95","1997-11",0.0415310297746204,119.798483781116,2733.25661379475,701,0,-701
"96","1997-12",0.0436904311022214,150.257663535291,4208.48930193715,902,0,-902
"97","1998-01",0.0460928998850704,155.329573121308,4394.863063933,824,0,-824
"98","1998-02",0.0482574915053698,127.346905327019,4262.8202511647,734,0,-734
"99","1998-03",0.0501817378890016,135.727018921827,3832.25592703344,695,10,-685
"100","1998-04",0.0518605419106939,116.745571835313,2539.91416988553,387,4,-383
"101","1998-05",0.0532993934809617,109.99119041234,1694.15185245187,113,57,-56
"102","1998-06",0.0544979994168463,108.233720431031,831.351122550067,48,155,107
"103","1998-07",0.0554570540091879,131.73241829569,720.826581561604,0,291,291
"104","1998-08",0.0561752991237884,131.279671329473,666.86072678793,2,290,288
"105","1998-09",0.0566566157777825,114.111857694575,687.82499153532,45,144,99
"106","1998-10",0.056900944774013,108.882783992733,1176.29176872725,310,2,-308
"107","1998-11",0.0569094910945395,119.510146874291,2349.76555531959,627,0,-627
"108","1998-12",0.0566833084853562,153.458905229008,3387.60558076934,783,0,-783
"109","1999-01",0.0562170245649724,180.453210663695,5448.70365386046,1014,0,-1014
"110","1999-02",0.0558186495855637,128.450516386825,4557.46032556404,844,0,-844
"111","1999-03",0.0554807294354634,139.191431566121,4401.63180396389,791,0,-791
"112","1999-04",0.0551985830010449,121.107363610496,2611.62076215953,447,0,-447
"113","1999-05",0.0549767473720469,112.300382923422,1418.72564304856,163,18,-145
"114","1999-06",0.0548145093918596,128.445285220573,842.035952508516,13,177,164
"115","1999-07",0.0547127904118573,147.741877503716,677.301469148937,0,411,411
"116","1999-08",0.0546707369097227,140.746485947311,643.276901093161,5,274,269
"117","1999-09",0.0546899374906339,122.723090299779,725.81179300426,43,107,64
"118","1999-10",0.0547696453067426,118.251226587546,1374.52305124232,381,2,-379
"119","1999-11",0.054912126389749,126.976620308313,2409.1829023734,502,0,-502
"120","1999-12",0.0551153214971082,143.057086104455,3024.12473457289,853,0,-853
"121","2000-01",0.0553738073399476,173.733768835039,5011.93888486646,1092,0,-1092
"122","2000-02",0.0556073446026324,143.611340796101,4962.05122944296,880,0,-880
"123","2000-03",0.0558103523491089,133.140796072048,3265.29704816405,626,0,-626
"124","2000-04",0.055978717150326,116.230607182072,2308.28665284679,462,0,-462
"125","2000-05",0.0561228036307185,118.706375358517,1432.41741819026,163,61,-102
"126","2000-06",0.0562352971406832,116.802789097405,804.354078773188,35,184,149
"127","2000-07",0.0563155734637892,130.213178766732,645.413552369572,2,176,174
"128","2000-08",0.0563690806008803,131.79239065676,659.452828572225,10,192,182
"129","2000-09",0.0563929024720711,102.629003262711,764.739419091297,116,99,-17
"130","2000-10",0.0563891641081257,116.599205972653,1344.36567719191,332,4,-328
"131","2000-11",0.0563601067321266,124.239684289734,2574.94410600815,670,0,-670
"132","2000-12",0.05630264699514,154.351565262168,4801.61339539872,1113,0,-1113
"133","2001-01",0.0562204721713993,171.69939087772,5586.09479403548,1094,0,-1094
"134","2001-02",0.0561553008757902,135.391258101371,4439.71848697914,858,0,-858
"135","2001-03",0.056104345632592,145.844453589064,4349.79485402158,843,0,-843
"136","2001-04",0.0560669458091857,118.67520075012,2720.34393271827,431,9,-422
"137","2001-05",0.0560456061384052,114.514876561985,1221.96445777709,148,36,-112
"138","2001-06",0.0560371811217853,125.977036859345,800.594491864098,24,191,167
"139","2001-07",0.0560444683606637,139.357043447254,648.750612565097,7,190,183
"140","2001-08",0.0560656767338868,150.493379308282,643.88118581695,0,314,314
"141","2001-09",0.0561008971599939,121.016288519014,729.4873442895,78,73,-5
"142","2001-10",0.0561601547900753,120.024635270693,1278.55989996894,320,9,-311
"143","2001-11",0.0562308233097214,123.15301183124,2095.35451416452,505,0,-505
"144","2001-12",0.0563185490810582,140.715392042552,3148.93727304302,748,0,-748
"145","2002-01",0.0564235397024839,164.243340959416,4410.08843858465,881,0,-881
"146","2002-02",0.0565290145935899,134.424872249736,3883.46069565171,755,0,-755
"147","2002-03",0.0566375656772089,135.868072222337,3494.74405725143,707,0,-707
"148","2002-04",0.0567437239425052,124.917881280442,2244.70682309799,397,45,-352
"149","2002-05",0.0568485567898947,117.413648196551,1345.1425091634,222,25,-197
"150","2002-06",0.0569516368444191,121.935092263408,799.16395125805,27,165,138
"151","2002-07",0.0570564442729384,155.712781968952,635.50034252816,1,340,339
"152","2002-08",0.0571601934221585,160.682266174511,637.685065163322,4,332,328
"153","2002-09",0.0572628481828046,129.343883180383,653.150112223216,25,111,86
"154","2002-10",0.0573672276365546,126.893116159555,1276.55004507701,384,24,-360
"155","2002-11",0.0574742291215037,130.255730587644,2796.20999822717,673,0,-673
"156","2002-12",0.0575861908573981,184.673973481487,4664.11889337976,990,0,-990
"157","2003-01",0.0576987366409973,184.667384347783,5808.6157899712,1220,0,-1220
"158","2003-02",0.0578139857906403,156.918488153827,5549.95814949291,1052,0,-1052
"159","2003-03",0.0579258764312517,153.261068804636,4350.77898898631,771,0,-771
"160","2003-04",0.0580316617319845,131.196737455193,2832.9575198021,512,2,-510
"161","2003-05",0.0581316259827738,122.291530290385,1548.67852318234,259,2,-257
"162","2003-06",0.0582143677507983,128.510372735117,918.592793050559,64,117,53
"163","2003-07",0.0582900304132034,164.891750741027,713.289359591501,0,281,281
"164","2003-08",0.0583619787641697,167.862161516807,650.518278581454,0,293,293
"165","2003-09",0.058431869210253,141.009372624045,656.361204114082,32,76,44
"166","2003-10",0.0584981413595697,125.650605009194,1361.91180855853,378,0,-378
"167","2003-11",0.0585620384132252,134.052554726184,2255.28806660307,513,1,-512
"168","2003-12",0.0586264245166185,172.975248921818,4385.63886579885,928,0,-928
"169","2004-01",0.0586884195800925,192.265090298505,5961.23852010321,1276,0,-1276
"170","2004-02",0.0587503964580799,163.605038901014,5471.14120290433,954,0,-954
"171","2004-03",0.058808474683217,149.162294669541,3753.08481106947,706,0,-706
"172","2004-04",0.0588577696050187,135.968696338439,2611.52480429757,414,2,-412
"173","2004-05",0.0589015725195951,122.862594647745,1125.10365890845,79,99,20
"174","2004-06",0.058944814956729,132.558202199642,764.457265378365,31,140,109
"175","2004-07",0.0589836994883915,149.587519354556,689.079998718155,0,242,242
"176","2004-08",0.0590174706083722,163.18053596299,688.283970800108,5,232,227
"177","2004-09",0.0590484378484863,140.045018821419,682.938619443536,28,105,77
"178","2004-10",0.0590750276851905,127.989205404434,1219.81675180071,352,0,-352
"179","2004-11",0.0591030905812582,139.831760707599,2412.83582626462,585,0,-585
"180","2004-12",0.0591300481659994,172.947789229857,4118.18929309459,952,0,-952
"181","2005-01",0.0591540418202257,190.114297828248,5290.04136633716,1105,0,-1105
"182","2005-02",0.0591972669003697,157.258809662744,5017.12363965649,886,0,-886
"183","2005-03",0.0592485295929979,156.217668721952,4686.77849643981,892,0,-892
"184","2005-04",0.0593056224516039,132.299308696902,2363.34969919508,391,2,-389
"185","2005-05",0.0593717032142469,128.529766315163,1475.66887984321,255,2,-253
"186","2005-06",0.0594510848435482,152.528693138506,774.165866184982,10,238,228
"187","2005-07",0.0595393663509061,178.699131764089,665.781523626465,0,347,347
"188","2005-08",0.0596390705535915,183.618860449857,656.487747524933,0,373,373
"189","2005-09",0.0597487871731439,142.750764294237,632.238178961376,14,179,165
"190","2005-10",0.0598703517753505,134.96052662916,1006.49760071719,288,15,-273
"191","2005-11",0.0600107087951895,143.004808152215,2180.97171381686,542,0,-542
"192","2005-12",0.0601579656169111,177.03674503637,4528.00915990348,1027,0,-1027
"193","2006-01",0.0603197131968537,179.994182499351,4358.51896787278,833,0,-833
"194","2006-02",0.0604624447665452,154.03509350379,4320.77721784342,888,0,-888
"195","2006-03",0.0605903240728389,158.106573042209,3987.75804195515,748,0,-748
"196","2006-04",0.0606972429195188,133.233313336224,2041.35700387986,367,1,-366
"197","2006-05",0.0607868369186393,129.304231674641,963.046556503345,170,37,-133
"198","2006-06",0.0608547480079532,150.551524020574,762.692675152839,26,161,135
"199","2006-07",0.0609029520850127,187.248880361728,682.180014410768,0,334,334
"200","2006-08",0.0609344376908166,173.75085197443,578.381459245492,1,267,266
"201","2006-09",0.0609445581981602,132.65262678315,711.916460933459,77,37,-40
"202","2006-10",0.0609398760241659,131.730471501559,1182.43793809211,350,1,-349
"203","2006-11",0.0609191627651438,142.452166772838,2118.77169128989,482,0,-482
"204","2006-12",0.0608772447861786,163.98672318345,3272.15737381326,734,0,-734
"205","2007-01",0.0608211177296106,181.699732531171,4452.66470679501,901,0,-901
"206","2007-02",0.0607887177573742,168.629069898486,5646.70927554126,1097,0,-1097
"207","2007-03",0.0607782498517118,161.39808550538,3921.30708514304,768,0,-768
"208","2007-04",0.0607845308682795,140.457206945718,2407.64963010252,511,1,-510
"209","2007-05",0.0608120753753168,133.115238721059,1017.00001099059,142,49,-93
"210","2007-06",0.0608572408957574,142.806804829055,711.737507772943,13,169,156
"211","2007-07",0.0609200883707781,163.8736841873,668.925930597789,7,257,250
"212","2007-08",0.0610026616417138,176.923013590277,662.66623674264,13,260,247
"213","2007-09",0.0611053865421555,146.820062447851,693.691554936704,40,116,76
"214","2007-10",0.0612307710288206,131.835994892627,1028.93036688873,161,58,-103
"215","2007-11",0.0613757929318067,146.137967640534,2984.36878391893,657,0,-657
"216","2007-12",0.0615430751098163,179.199658758685,4653.06720924056,921,0,-921
"217","2008-01",0.0617339394830694,186.045263738351,4811.21371100366,971,0,-971
"218","2008-02",0.0618733668368207,160.522120474205,4648.95155614005,913,0,-913
"219","2008-03",0.0619594329211585,160.369880214918,3690.4144786109,746,0,-746
"220","2008-04",0.0619957709306651,138.439715726648,1703.80027427314,367,0,-367
"221","2008-05",0.0619749715681859,126.497515093238,1144.58126692851,226,11,-215
"222","2008-06",0.0619024452209798,144.083666724823,721.770974624489,3,236,233
"223","2008-07",0.0617755400908879,172.997648622385,660.904181714399,0,330,330
"224","2008-08",0.0615943552540681,162.287155053866,637.362331221632,2,178,176
"225","2008-09",0.0613619084921001,137.799198359046,640.809214910155,54,106,52
"226","2008-10",0.0610788627246907,132.500385962049,1542.84895046469,382,2,-380
"227","2008-11",0.0607448916299587,143.863686491794,3092.14394294815,662,0,-662
"228","2008-12",0.06036257573697,160.529506899504,4504.52539313598,900,0,-900
"229","2009-01",0.0599263371607332,185.926010326882,6154.26000190244,1212,0,-1212
"230","2009-02",0.0595423212656055,179.913325398202,4251.39546827977,874,0,-874
"231","2009-03",0.0592061776888573,151.602372609663,3829.77898381082,782,0,-782
"232","2009-04",0.0589207895787577,143.7606046376,1911.52723088918,420,24,-396
"233","2009-05",0.0586825609652622,128.372803542743,935.121734743358,154,23,-131
"234","2009-06",0.0584923228573418,125.226912316196,806.541369467917,37,97,60
"235","2009-07",0.0583498892807461,144.606232970952,665.260974941608,0,191,191
"236","2009-08",0.0582558728709975,174.925041463769,645.501612713955,1,285,284
"237","2009-09",0.05820779968353,158.814700397774,652.992944797296,72,42,-30
"238","2009-10",0.0582096736309931,136.592423992708,1519.26694311309,375,1,-374
"239","2009-11",0.058261352322996,138.348713917758,2243.69943545007,486,0,-486
"240","2009-12",0.0583662176052998,160.019910184142,4749.78309062401,953,0,-953
"241","2010-01",0.0585169801472882,188.201429232151,5427.3138882998,1067,0,-1067
"242","2010-02",0.0586403277284058,163.19378386642,4663.61332129681,964,0,-964
"243","2010-03",0.0587369800447319,145.263915496702,2857.87401853836,604,0,-604
"244","2010-04",0.0588049761140964,136.113257453643,1369.11260127388,311,12,-299
"245","2010-05",0.0588448064231277,126.17375259626,1004.87728381783,128,75,-53
"246","2010-06",0.0588569421860528,133.38759179722,652.866187936157,12,254,242
"247","2010-07",0.0588386179763533,179.751648388938,559.166179871771,0,389,389
"248","2010-08",0.0587902292504762,178.526175081482,593.491468875838,0,287,287
"249","2010-09",0.0587121116475167,158.754162336909,574.438581286062,30,119,89
"250","2010-10",0.0586059933317014,133.441418955211,1158.81105263462,301,6,-295
"251","2010-11",0.0584764475257916,132.250499465801,2910.93766639584,608,0,-608
"252","2010-12",0.058319936632872,159.292270620167,5439.38530779592,1074,0,-1074
"253","2011-01",0.0581333875461456,182.586274928796,6045.09550331198,1183,0,-1183
"254","2011-02",0.0579782209342417,171.901519817468,4373.84990590883,886,0,-886
"255","2011-03",0.0578521637900893,155.495594528971,3792.7081993591,769,0,-769
"256","2011-04",0.0577490607088291,144.541814395693,1934.38460211474,366,14,-352
"257","2011-05",0.0576735820944984,122.511466421452,967.772277690191,129,72,-57
"258","2011-06",0.0576261580828321,137.047305847228,755.032253937383,9,188,179
"259","2011-07",0.0576017468593119,163.835022552236,684.258083739313,0,387,387
"260","2011-08",0.0576043639601482,170.871681625862,576.352378685816,1,242,241
"261","2011-09",0.0576313752466091,153.549221891743,607.211393588865,42,133,91
"262","2011-10",0.0576881849826918,132.214953012721,1083.79123610083,302,1,-301
"263","2011-11",0.0577745564974488,131.709534803372,2166.65569559904,499,0,-499
"264","2011-12",0.0578879006639455,146.748062165438,3405.82239473555,768,0,-768
"265","2012-01",0.0580275602966799,176.100471707086,4747.37474390906,923,0,-923
"266","2012-02",0.058160922162276,159.298715762226,3722.72944054845,784,0,-784
"267","2012-03",0.0582783026212559,148.352592465907,2664.34204266082,503,0,-503
"268","2012-04",0.0583844782842441,131.548040277327,1861.33814677495,401,8,-393
"269","2012-05",0.0584793392808486,121.50844431252,1035.77277157092,89,75,-14
"270","2012-06",0.0585592854741951,131.445592392531,692.566822583953,26,159,133
"271","2012-07",0.0586260644082791,169.511884161713,594.678646694556,0,371,371
"272","2012-08",0.0586782510492309,183.013743515594,592.72333357872,1,280,279
"273","2012-09",0.0587164829960649,155.39369206936,614.347694611365,58,94,36
"274","2012-10",0.0587447598093824,126.587350865726,994.261463551185,285,12,-273
"275","2012-11",0.0587630780695238,135.5040653352,2471.52743789341,715,0,-715
"276","2012-12",0.0587715841253094,161.023279445189,3551.91156065619,771,0,-771
"277","2013-01",0.0587696539967896,178.692576407409,4898.05640938116,976,0,-976
"278","2013-02",0.0587703027980706,175.513462735505,4589.88742397091,920,0,-920
"279","2013-03",0.0587671171956793,149.242570115101,4202.54297528536,830,0,-830
"280","2013-04",0.0587596874295753,142.175970148134,2456.01390831514,421,4,-417
"281","2013-05",0.0587525369621986,125.116386080734,1091.09197648073,187,57,-130
"282","2013-06",0.0587371982667558,137.71938507401,773.134496760805,15,180,165
"283","2013-07",0.0587214238304128,177.825743107246,623.522988433061,1,378,377
"284","2013-08",0.0587013191203332,171.785173473322,570.880884954707,2,195,193
"285","2013-09",0.0586768066002655,155.173405094927,616.586116681935,111,84,-27
"286","2013-10",0.0586513883600316,123.514840284646,981.89222842868,279,25,-254
"287","2013-11",0.0586245791715788,133.529247836203,2838.88870856781,674,0,-674
"288","2013-12",0.0586005538797356,168.94316796607,4084.3314218385,911,0,-911
"289","2014-01",0.058573769956958,193.325290659163,6131.88076594363,1207,0,-1207
"290","2014-02",0.0585612798119595,182.400701835245,5388.10394430978,1024,0,-1024
"291","2014-03",0.0585617315692954,161.773400263473,4756.70677574587,933,0,-933
"292","2014-04",0.0585726474498296,142.932964483694,2254.47333231814,467,0,-467
"293","2014-05",0.0585932529731598,126.789541335773,1170.72356774809,129,25,-104
"294","2014-06",0.0586249067202406,125.478745369833,742.639642453986,7,152,145
"295","2014-07",0.0586678151831272,159.954993793786,658.081158280491,0,266,266
"296","2014-08",0.0587175467193916,160.765629217644,594.033978319047,4,168,164
"297","2014-09",0.0587794616526009,148.123569411331,621.467683173967,61,100,39
"298","2014-10",0.0588535751372983,125.097065272011,1013.32341896297,259,9,-250
"299","2014-11",0.058941157061023,131.862730221776,2979.35933518432,701,0,-701
"300","2014-12",0.0590435507463651,157.295797943475,3960.04087342416,825,0,-825
"301","2015-01",0.0591586187363909,184.737049940043,5740.92547014079,1162,0,-1162
"302","2015-02",0.059268274538383,176.312203199153,6166.72906646277,1216,0,-1216
"303","2015-03",0.0593655729935926,174.056441613203,5030.82939084316,926,0,-926
"304","2015-04",0.0594505735129989,144.286061031187,2594.76807382989,419,0,-419
"305","2015-05",0.0595243304185408,122.115213073359,1097.03588219888,87,100,13
"306","2015-06",0.0595871526253314,133.827651433944,751.178163734435,36,178,142
"307","2015-07",0.0596374948355044,150.642971047512,668.260946200867,0,299,299
"308","2015-08",0.0596755126297101,171.264868334368,559.385202753723,0,264,264
"309","2015-09",0.0597031425574037,162.75890792798,549.267351846528,15,159,144
"310","2015-10",0.0597195786670567,129.694954807925,1087.78856712499,347,0,-347
"311","2015-11",0.0597303243842967,124.133803000871,1966.76821016886,473,0,-473
"312","2015-12",0.0597289745771757,145.098616746769,2700.89240306673,549,0,-549
"313","2016-01",0.0597236698385177,167.125829505089,5202.93245541647,1045,0,-1045
"314","2016-02",0.059728608333501,157.913739776781,4259.79318774184,857,0,-857
"315","2016-03",0.0597417774397794,154.206437388265,2916.44006456373,578,0,-578
"316","2016-04",0.059763567456891,136.727026129666,2180.00192298344,443,1,-442
"317","2016-05",0.059794013337619,118.364415909521,1315.5931953838,225,59,-166
"318","2016-06",0.059833694999419,131.283864711471,780.768990620517,9,157,148
"319","2016-07",0.0598805105312631,161.953509882094,698.22776803432,0,348,348
"320","2016-08",0.0599366221146013,182.033392511485,524.613415286702,0,359,359
"321","2016-09",0.0600020555304435,163.854431173248,572.278588155681,18,184,166
"322","2016-10",0.0600759837378627,127.032499015458,1067.66579358942,226,21,-205
"323","2016-11",0.0601633438411746,127.086230322423,2274.07720367626,559,0,-559
"324","2016-12",0.060262318989354,152.073442857672,4431.80503457444,895,0,-895
"325","2017-01",0.0603696272473728,182.49346445146,4831.54759514589,907,0,-907
"326","2017-02",0.0604705222960754,150.950038913251,3696.54838677788,707,0,-707
"327","2017-03",0.0605581375820969,147.028434354153,4139.55817265598,839,0,-839
"328","2017-04",0.0606331933338939,144.688483158452,1796.91081176939,299,14,-285
"329","2017-05",0.0606942376306143,119.828422739615,1135.7062485837,208,32,-176
"330","2017-06",0.0607425335724836,136.835529261911,750.604716033406,34,176,142
"331","2017-07",0.0607765248799902,163.285289570278,589.193420948463,0,302,302
"332","2017-08",0.060797198358871,160.583152532123,519.922502158011,8,194,186
"333","2017-09",0.0608058751219069,130.259031214826,525.717759477321,51,125,74
"334","2017-10",0.0608026411613768,123.763748445666,1066.73386891853,198,38,-160
"335","2017-11",0.0607901456740298,135.651590888231,2616.93557510656,637,0,-637
"336","2017-12",0.0607676909426118,176.559845625689,5214.2692320539,1004,0,-1004
