"","Date","Real GDP per capita (millions of chained 2012 dollars per person)","Electricity Sale to Residential Consumers per capita (MJ/person)","Natural Gas Deliveries to Residential Consumers per capita (MJ/person)","HDD","CDD","DD"
"1","1990-01",0.0243768463172403,1386.22908855216,4311.88472703259,880,0,-880
"2","1990-02",0.0243662240088329,1078.05977773917,3168.92086837388,801,0,-801
"3","1990-03",0.0243542614782741,1062.77290185295,2945.69259582679,702,3,-699
"4","1990-04",0.0243385114740169,941.856227910053,2262.03803877181,453,24,-429
"5","1990-05",0.0243228936903849,802.67454465197,1219.86231668843,233,4,-229
"6","1990-06",0.0243058157963156,785.655558223743,774.638892843747,29,144,115
"7","1990-07",0.0242878729544162,915.535613824128,551.04656288802,5,252,247
"8","1990-08",0.0242686788951442,957.676923729848,525.358230609806,6,194,188
"9","1990-09",0.0242484989834249,902.253161560787,614.3665563436,125,70,-55
"10","1990-10",0.0242276087147671,780.325719423108,976.975652893911,298,30,-268
"11","1990-11",0.0242076141018687,853.384692165629,1922.76634541764,599,0,-599
"12","1990-12",0.0241869875165059,1084.80536055899,2886.83066675735,877,0,-877
"13","1991-01",0.024166053898424,1269.70186278721,3925.43698122628,1104,0,-1104
"14","1991-02",0.0241533861567349,1116.59175419552,3510.92236214342,849,0,-849
"15","1991-03",0.0241502752002444,1062.53793026756,3011.59656736947,728,0,-728
"16","1991-04",0.0241551894068197,941.234049881386,2053.57842790989,407,5,-402
"17","1991-05",0.0241677185956429,857.535365482792,1020.82845931662,98,145,47
"18","1991-06",0.0241877755806638,917.202164341344,616.241382933401,15,202,187
"19","1991-07",0.024219517020416,1028.98650477052,525.272735280064,0,308,308
"20","1991-08",0.024259658504596,1031.51796623119,495.989517687019,0,265,265
"21","1991-09",0.0243086903871625,875.002538120611,623.767983997437,129,88,-41
"22","1991-10",0.0243672347489158,803.577771174651,1230.56508603318,350,10,-340
"23","1991-11",0.0244357164860734,912.82627082521,2169.65478835101,698,0,-698
"24","1991-12",0.0245144341006442,1119.88956389778,3133.05906782804,927,0,-927
"25","1992-01",0.0246023569452959,1256.00444073441,4047.70954383121,1064,0,-1064
"26","1992-02",0.0246831707837121,1202.07037797724,3835.91728350956,917,0,-917
"27","1992-03",0.024756063500262,1125.7053055869,3308.27929227774,871,0,-871
"28","1992-04",0.024820530240008,968.124170451783,2406.48345231137,487,0,-487
"29","1992-05",0.0248774932564424,824.513614977241,1282.44581168879,238,13,-225
"30","1992-06",0.0249266880554994,814.95327603433,737.493681965485,50,64,14
"31","1992-07",0.0249684662903439,925.542323561991,561.998415630873,1,227,226
"32","1992-08",0.0250019524801244,878.399197425757,540.551793793504,17,111,94
"33","1992-09",0.0250286042421473,834.080089225818,636.318742690172,113,66,-47
"34","1992-10",0.0250480737198136,833.069626246283,1450.94855867563,493,0,-493
"35","1992-11",0.0250609299539963,953.306950626962,2269.63760566799,672,0,-672
"36","1992-12",0.0250670962207732,1177.31239043396,3348.5283902701,996,0,-996
"37","1993-01",0.0250658770364612,1274.20548803133,3837.56751242985,994,0,-994
"38","1993-02",0.0250715557826121,1220.79266743567,4115.32559171024,1075,0,-1075
"39","1993-03",0.0250834766369401,1196.16048599644,3870.35763014215,928,0,-928
"40","1993-04",0.0251007880088339,965.412837791026,2283.03311003012,469,0,-469
"41","1993-05",0.0251240739660715,796.297916486137,1005.39473176944,142,29,-113
"42","1993-06",0.0251530227031313,870.127298287334,781.676234195391,39,154,115
"43","1993-07",0.0251878544685829,1141.43027472709,512.523184278388,0,314,314
"44","1993-08",0.0252282744138721,1049.59279785613,519.14193250071,2,254,252
"45","1993-09",0.0252751319943099,947.634592350749,616.29001157891,129,85,-44
"46","1993-10",0.0253282480028011,842.489989166682,1392.23863816771,440,0,-440
"47","1993-11",0.0253884840421841,943.780437116901,2221.69744181669,693,0,-693
"48","1993-12",0.0254552704226022,1166.50791222863,3413.60874096129,1035,0,-1035
"49","1994-01",0.0255283067660303,1476.71231917504,5023.88119221711,1384,0,-1384
"50","1994-02",0.0256001576943922,1331.82183818917,4374.27021670375,1081,0,-1081
"51","1994-03",0.0256689696375179,1202.66957604895,3640.50226685273,907,0,-907
"52","1994-04",0.0257339701884674,956.233106035966,2087.80554121073,380,7,-373
"53","1994-05",0.0257976401757219,808.031313907783,1231.63018673499,282,17,-265
"54","1994-06",0.0258581860309349,989.152275007649,750.489406346131,22,225,203
"55","1994-07",0.0259161862701645,1226.08854369943,505.052918340254,0,301,301
"56","1994-08",0.0259716944796608,991.848917206377,497.902041906525,23,142,119
"57","1994-09",0.0260247793723357,833.873835287314,563.298034288861,112,39,-73
"58","1994-10",0.0260759112367005,820.48690446344,1155.24310902133,430,0,-430
"59","1994-11",0.0261255927196903,877.947934943077,1722.68913550299,565,0,-565
"60","1994-12",0.0261734436246533,1112.45734898418,2916.98442823877,884,0,-884
"61","1995-01",0.0262192952029837,1283.17335972151,3760.55335268427,1023,0,-1023
"62","1995-02",0.026275991092409,1198.93839818561,4120.56060852004,1083,0,-1083
"63","1995-03",0.026343269802759,1103.61237951103,3096.4068164293,723,0,-723
"64","1995-04",0.0264200160093107,935.416937716341,2144.15556653652,524,0,-524
"65","1995-05",0.0265078209506715,824.373881424723,1106.50948052697,215,11,-204
"66","1995-06",0.0266053500444258,911.528924201495,600.461568700431,11,139,128
"67","1995-07",0.0267130121690066,1190.65073929909,513.85911554257,4,301,297
"68","1995-08",0.0268312326573382,1246.33523356414,463.352051762072,0,290,290
"69","1995-09",0.0269594525616064,933.43554541779,529.035161542011,121,60,-61
"70","1995-10",0.0270984013892044,848.589906409,969.622700837454,297,10,-287
"71","1995-11",0.0272493575086305,980.853839303754,2533.51122808469,829,0,-829
"72","1995-12",0.0274119301286691,1335.89651431779,4051.44493569237,1160,0,-1160
"73","1996-01",0.0275858187727784,1479.18039474311,4695.69902785028,1211,0,-1211
"74","1996-02",0.0277136946454368,1304.0755532592,4200.60153925112,1039,0,-1039
"75","1996-03",0.0277950472269349,1232.12521134886,3691.01392616314,954,0,-954
"76","1996-04",0.0278296565618746,982.508774892989,2335.89417215872,483,1,-482
"77","1996-05",0.0278185195447091,910.920447753773,1229.87081414885,276,40,-236
"78","1996-06",0.0277608271351726,966.769385520345,690.669984369561,16,165,149
"79","1996-07",0.027657091780928,1081.82842525237,518.674944264415,5,173,168
"80","1996-08",0.0275066556624475,1044.43746725325,482.888271156806,3,180,177
"81","1996-09",0.0273103492390443,968.341475468796,538.769920950677,105,76,-29
"82","1996-10",0.027068557882809,845.583683129744,1204.34009759902,393,0,-393
"83","1996-11",0.0267809384737714,1009.72133573208,2466.91179849885,836,0,-836
"84","1996-12",0.0264489160537019,1226.22550781768,3348.43431391663,906,0,-906
"85","1997-01",0.0260712888644942,1389.84950746681,4190.92486620673,1167,0,-1167
"86","1997-02",0.0258836747458473,1191.51260626323,3763.30405248648,833,0,-833
"87","1997-03",0.0258856134684315,1130.03963442598,3057.64327029617,782,0,-782
"88","1997-04",0.0260768533730022,977.066342943177,2291.54424841942,550,0,-550
"89","1997-05",0.0264584172829072,878.592822155995,1408.6303447177,310,1,-309
"90","1997-06",0.0270296305595694,927.282993974007,686.27535122165,54,131,77
"91","1997-07",0.0277907488006199,1192.79859304489,480.131778129733,5,222,217
"92","1997-08",0.028740868664682,1077.67758528992,478.463188551096,15,144,129
"93","1997-09",0.029881270013765,899.842803270752,567.789611520354,112,39,-73
"94","1997-10",0.0312121100221026,860.202380926686,1181.06568293967,409,20,-389
"95","1997-11",0.0327336941283715,1030.93371716918,2426.49425920639,775,0,-775
"96","1997-12",0.0344459835348588,1262.34921325741,3444.58772376736,962,0,-962
"97","1998-01",0.0363474940377681,1313.50441496097,3446.84658837632,891,0,-891
"98","1998-02",0.0380637305053933,1082.74254615893,3185.70643088711,760,0,-760
"99","1998-03",0.039593767532208,1145.83895535108,2985.49313938168,736,7,-729
"100","1998-04",0.0409355807975021,928.74303571709,1777.44792594761,411,1,-410
"101","1998-05",0.0420914111138209,952.092068934414,881.554620845048,96,71,-25
"102","1998-06",0.0430611257221899,1046.2376635289,624.614667282742,62,148,86
"103","1998-07",0.0438449630207625,1232.13875247946,487.515775169652,0,223,223
"104","1998-08",0.0444423349899251,1243.45172261325,462.667672616262,4,238,234
"105","1998-09",0.044854714993185,1104.78623456902,472.347848262506,58,117,59
"106","1998-10",0.0450819382170263,929.362200658918,934.506647201475,358,0,-358
"107","1998-11",0.0451243187454081,726.847085619586,1939.29096251949,661,0,-661
"108","1998-12",0.0449820698455894,1167.76021469136,2731.17759997316,843,0,-843
"109","1999-01",0.0446527266185208,1373.25793435517,4230.43138254734,1099,0,-1099
"110","1999-02",0.0443597217517436,1224.36568201792,3383.73921997941,884,0,-884
"111","1999-03",0.044100245637801,1201.35242979345,3453.75887473996,881,0,-881
"112","1999-04",0.0438725779170681,946.655174670946,1998.43580629693,453,0,-453
"113","1999-05",0.0436787469109735,822.390241509761,1036.35024287087,152,15,-137
"114","1999-06",0.0435185870869578,923.752310627913,599.272469996475,30,165,135
"115","1999-07",0.0433925669642251,1411.60043241234,455.970531607069,2,368,366
"116","1999-08",0.0433003871640811,1349.31186565438,440.8522664347,7,208,201
"117","1999-09",0.0432427125033224,985.86203152192,487.186316198576,75,88,13
"118","1999-10",0.0432192070250525,891.232291545385,1130.50822780447,427,0,-427
"119","1999-11",0.043230727271766,928.901838011256,1800.32665842746,554,0,-554
"120","1999-12",0.043276309935534,1187.46816401907,3089.69448363285,943,0,-943
"121","2000-01",0.0433535752537329,1341.847513615,4363.77268726539,1151,0,-1151
"122","2000-02",0.0434310243801338,1247.1499695444,3821.12632892035,920,0,-920
"123","2000-03",0.0435060011242144,1060.03862558892,2658.29959331781,641,0,-641
"124","2000-04",0.0435765163518109,920.222866853276,1975.49731589018,468,0,-468
"125","2000-05",0.04364653029619,932.762086939128,968.132241975641,159,56,-103
"126","2000-06",0.0437128581986064,1074.17873318416,704.045868092032,34,165,131
"127","2000-07",0.0437750894292394,1189.74764427914,519.283027276965,8,147,139
"128","2000-08",0.043835336790526,1178.73394556996,503.036640162025,17,163,146
"129","2000-09",0.0438923551616104,1027.4592230225,621.517107448262,154,80,-74
"130","2000-10",0.0439470041941658,904.683561740037,1113.54607483001,357,1,-356
"131","2000-11",0.0440002464365904,992.212191647222,2105.62600673892,738,0,-738
"132","2000-12",0.044050913763876,1322.72008653531,4178.78018260905,1233,0,-1233
"133","2001-01",0.0441006685642581,1493.5687691335,4538.36312119989,1154,0,-1154
"134","2001-02",0.0441477169081082,1208.52726177951,3529.72227438741,890,0,-890
"135","2001-03",0.0441909506359798,1206.58706398488,3370.07401571786,903,0,-903
"136","2001-04",0.0442301324496532,1025.39498567723,2071.02206765045,435,7,-428
"137","2001-05",0.0442663386411668,887.350563206282,903.29220786191,167,22,-145
"138","2001-06",0.0442982973737914,1021.82689276381,567.047494418347,37,162,125
"139","2001-07",0.0443272065846055,1160.25730764006,448.797058856195,15,169,154
"140","2001-08",0.0443523534514126,1325.48746391554,439.704794034068,0,278,278
"141","2001-09",0.0443738073175234,1051.28971188657,477.896347637572,119,47,-72
"142","2001-10",0.0443957803979499,938.616278099941,989.904054258963,356,3,-353
"143","2001-11",0.0444130331476042,975.917114854536,1563.74605359998,540,0,-540
"144","2001-12",0.044427945102731,1176.87558447559,2405.25316116909,826,0,-826
"145","2002-01",0.0444406232924962,1371.66063768825,3541.17710872697,941,0,-941
"146","2002-02",0.0444589338701501,1098.96339127497,3098.20572467743,812,0,-812
"147","2002-03",0.0444839341819665,1142.22230790337,2829.89360678384,767,0,-767
"148","2002-04",0.0445133360115513,1016.12437526618,1979.41592744089,418,33,-385
"149","2002-05",0.0445475699163391,917.601527589326,1088.44704584048,261,25,-236
"150","2002-06",0.0445864471298655,1123.17178294947,648.110543682072,22,166,144
"151","2002-07",0.0446313982611451,1420.63373621994,461.116139094859,2,315,313
"152","2002-08",0.0446812597023105,1436.63861838024,397.603751746285,5,305,300
"153","2002-09",0.0447360088338438,1191.07785375086,458.974112797698,39,101,62
"154","2002-10",0.0447968053182926,1035.16168738826,1006.4885920361,430,21,-409
"155","2002-11",0.0448640148273189,1076.20555860124,2171.81787977939,721,0,-721
"156","2002-12",0.044938600677485,1402.25058759946,3619.96543429795,1086,0,-1086
"157","2003-01",0.0450187518718096,1595.54011587614,4556.40648391208,1295,0,-1295
"158","2003-02",0.045104056762141,1365.9230202648,4437.1571804356,1100,0,-1100
"159","2003-03",0.0451920089558184,1288.86192634384,3429.23096111325,798,0,-798
"160","2003-04",0.0452814722993267,1061.63130779717,1987.99396392811,466,1,-465
"161","2003-05",0.0453725627557287,941.71353449607,1091.68575408771,232,5,-227
"162","2003-06",0.0454605578351055,1009.16468302842,671.218356152135,69,104,35
"163","2003-07",0.0455496452933388,1329.393962959,471.251519601548,0,234,234
"164","2003-08",0.0456412121322008,1382.90558248535,432.046929866204,2,270,268
"165","2003-09",0.0457359404889078,1065.28041698169,435.663833168182,58,46,-12
"166","2003-10",0.0458331781005663,983.429646039074,1094.51466328859,447,0,-447
"167","2003-11",0.0459334360924182,1027.64936928126,1654.36843311534,554,0,-554
"168","2003-12",0.0460379031148466,1413.25442489374,3286.0458555586,1006,0,-1006
"169","2004-01",0.0461453774690033,1622.72428956184,4458.15017386156,1320,0,-1320
"170","2004-02",0.0462511299834735,1379.06287466775,4162.44818099837,1034,0,-1034
"171","2004-03",0.0463535409856887,1252.78762088553,2936.55200180568,739,0,-739
"172","2004-04",0.0464505625464819,1061.51893881357,2026.94890131022,443,4,-439
"173","2004-05",0.0465435646926972,1024.32304513761,878.033368525979,84,113,29
"174","2004-06",0.0466346134814712,1114.74571182348,581.254131901295,45,110,65
"175","2004-07",0.0467221165076683,1327.28339997305,446.197966811143,0,210,210
"176","2004-08",0.0468057540140145,1321.29791475123,414.745291632069,15,184,169
"177","2004-09",0.0468864965860039,1128.20499633952,445.304679429401,37,72,35
"178","2004-10",0.0469636817489699,1000.19098930696,932.571967037247,398,0,-398
"179","2004-11",0.0470397798830391,1073.68601394512,1740.72071173458,625,0,-625
"180","2004-12",0.0471137088749218,1417.2398335294,2939.83902769632,995,0,-995
"181","2005-01",0.047184686675229,1562.72601291256,3951.01804790193,1133,0,-1133
"182","2005-02",0.0472497305365328,1356.9174748228,3704.8360422507,933,0,-933
"183","2005-03",0.0473040994306441,1383.68017581895,3498.51123454612,952,0,-952
"184","2005-04",0.0473468522745427,1065.62907605584,1829.40284291385,416,2,-414
"185","2005-05",0.0473793218691294,953.111975651478,1084.64801176369,300,3,-297
"186","2005-06",0.0474033276664895,1214.61913351842,568.668980635397,17,208,191
"187","2005-07",0.0474170011519486,1538.92621609496,406.461502792034,0,303,303
"188","2005-08",0.0474214007939686,1591.144684015,379.64202172511,1,295,294
"189","2005-09",0.047415922817411,1211.15669512479,400.883868626614,27,118,91
"190","2005-10",0.0474013287362547,1061.1606266349,790.249271202193,341,10,-331
"191","2005-11",0.0473805054928349,1127.50980694185,1658.3538848083,624,0,-624
"192","2005-12",0.0473484514026844,1489.9565434197,3399.11306448387,1130,0,-1130
"193","2006-01",0.0473083161567059,1494.67571066339,3170.26885184893,873,0,-873
"194","2006-02",0.0472841915819866,1315.46687002901,3139.64427497776,948,0,-948
"195","2006-03",0.0472777478700028,1327.28298135353,2808.61084464343,801,0,-801
"196","2006-04",0.0472864148405445,1027.93427647078,1498.84193681827,394,0,-394
"197","2006-05",0.0473116472111062,967.815560467335,780.416174038062,221,39,-182
"198","2006-06",0.047351609572979,1143.63894983963,499.270799643473,33,125,92
"199","2006-07",0.0474070705869418,1512.03103296737,376.57281608228,2,297,295
"200","2006-08",0.0474792129929361,1524.13547456439,364.908308565111,2,242,240
"201","2006-09",0.0475660820719277,1086.86726294575,419.461542212317,114,22,-92
"202","2006-10",0.04767033422118,1014.31716052621,958.085029752358,413,1,-412
"203","2006-11",0.04779142838456,1112.7403649587,1649.52328047745,573,0,-573
"204","2006-12",0.0479271859460324,1423.62732642498,2458.3308020931,804,0,-804
"205","2007-01",0.0480804675950416,1465.86920285178,3102.20045895014,987,0,-987
"206","2007-02",0.0482329917611224,1505.74936412263,4133.79763741876,1195,0,-1195
"207","2007-03",0.0483840025724053,1435.17865196099,3049.07987896412,799,0,-799
"208","2007-04",0.048531309751169,1168.25654483502,2104.14668521334,547,0,-547
"209","2007-05",0.048676788894235,1048.89752755455,877.467621799803,150,48,-102
"210","2007-06",0.0488188910113455,1213.44081570259,462.788397730852,21,157,136
"211","2007-07",0.0489576236845832,1407.10661843983,388.557654961251,9,205,196
"212","2007-08",0.0490938381062648,1493.58198277858,355.733723733781,14,251,237
"213","2007-09",0.0492277064574636,1241.85124958877,410.781850257944,59,106,47
"214","2007-10",0.0493602863077943,1079.98999496458,586.186506033221,216,50,-166
"215","2007-11",0.0494902909173889,1141.96374634562,1744.09464835416,712,0,-712
"216","2007-12",0.0496188279682162,1491.39860816564,3069.54152995957,977,0,-977
"217","2008-01",0.0497464527005019,1607.04210381523,3489.7797206166,1046,0,-1046
"218","2008-02",0.0498407466645231,1455.35679028575,3484.7430108426,1011,0,-1011
"219","2008-03",0.0499008997723352,1401.02154708143,2990.32419376753,822,0,-822
"220","2008-04",0.0499284553660066,1101.24868616632,1621.45858592749,372,0,-372
"221","2008-05",0.0499202760868009,972.130260123846,860.902680853332,261,12,-249
"222","2008-06",0.0498786541712635,1253.69218270422,516.098259235521,11,202,191
"223","2008-07",0.0498024631541919,1484.54070642751,384.808991167263,0,263,263
"224","2008-08",0.0496917393830023,1328.11104874808,359.58245100593,7,133,126
"225","2008-09",0.0495477570074575,1150.81007215132,391.910406820651,72,77,5
"226","2008-10",0.0493707915504554,1012.90829977879,871.181765743206,442,1,-441
"227","2008-11",0.0491606971421304,1181.93575660803,1851.7274992189,730,0,-730
"228","2008-12",0.0489185664495732,1538.76201069783,3209.457668395,993,0,-993
"229","2009-01",0.0486420103847496,1768.29002471562,4156.8146118281,1298,0,-1298
"230","2009-02",0.0484051449888877,1470.25979913328,3550.34935163128,939,0,-939
"231","2009-03",0.0482061447208738,1343.30281328026,2695.74857537184,789,0,-789
"232","2009-04",0.0480462638745143,1124.22284055254,1673.07337036288,452,21,-431
"233","2009-05",0.0479239602394198,1006.67644628549,761.335175030939,177,23,-154
"234","2009-06",0.0478395745864092,1085.33089212358,463.690820681941,35,99,64
"235","2009-07",0.0477929954073731,1237.87157761786,398.888205386303,9,142,133
"236","2009-08",0.0477844408005399,1396.23441363076,355.803396432787,4,240,236
"237","2009-09",0.047812777401981,1073.34294973815,410.082804996142,91,29,-62
"238","2009-10",0.0478796612988079,1037.22782939457,971.866808894687,442,0,-442
"239","2009-11",0.0479849410241469,1099.6317576564,1472.4322217174,554,0,-554
"240","2009-12",0.0481299826604949,1469.13734073605,2929.17345645528,1037,0,-1037
"241","2010-01",0.0483114904788425,1674.77960859383,3787.00889052807,1142,0,-1142
"242","2010-02",0.0484790562295996,1491.60262600306,3413.60633216089,1039,0,-1039
"243","2010-03",0.048632959920861,1283.53870459342,2399.70898156991,645,0,-645
"244","2010-04",0.0487723155558325,999.714894771335,1140.2932344987,338,12,-326
"245","2010-05",0.0488973135404263,1027.73739042321,714.99537238511,148,74,-74
"246","2010-06",0.0490081437407986,1301.59196657126,414.71116614455,18,217,199
"247","2010-07",0.0491035761684558,1577.38275165679,343.215660257315,4,333,329
"248","2010-08",0.049183772991727,1497.89931762969,344.098588855053,1,251,250
"249","2010-09",0.0492488770407761,1180.366864153,396.914596558529,61,92,31
"250","2010-10",0.0492996582357011,994.657330931586,854.286141804014,362,1,-361
"251","2010-11",0.0493381725764672,1105.60518942486,1827.66169701423,674,0,-674
"252","2010-12",0.0493628768256545,1515.36839918683,3691.85672935218,1154,0,-1154
"253","2011-01",0.0493724234119332,1740.1862602394,4240.38495802938,1252,0,-1252
"254","2011-02",0.0493887352705737,1494.51802889961,3313.51476365646,942,0,-942
"255","2011-03",0.0494108180980222,1323.13439785404,2691.88448753442,830,0,-830
"256","2011-04",0.0494359025413045,1101.12092132509,1405.76426468561,397,16,-381
"257","2011-05",0.0494661114937061,1018.18627216058,681.978372740884,134,74,-60
"258","2011-06",0.049501656058993,1196.70688327283,396.365943406353,14,171,157
"259","2011-07",0.0495402536560476,1525.37071885747,345.737344789791,0,364,364
"260","2011-08",0.0495837424266387,1487.03445979398,336.981051437537,2,207,205
"261","2011-09",0.0496309332656479,1192.96719218217,393.149233388751,65,97,32
"262","2011-10",0.049684305467777,1022.1295915521,973.590514395067,389,0,-389
"263","2011-11",0.049743763971815,1054.49563415845,1581.43685897682,568,0,-568
"264","2011-12",0.049808136755421,1324.99257811032,2544.97998453321,854,0,-854
"265","2012-01",0.0498771333259314,1533.40933240448,3360.6968742865,1009,0,-1009
"266","2012-02",0.0499474252807423,1369.34190606598,2774.48611087131,847,0,-847
"267","2012-03",0.0500145930521867,1171.81994440575,1658.5763391966,509,0,-509
"268","2012-04",0.0500808106695808,990.482019066352,1231.55758582071,462,5,-457
"269","2012-05",0.0501460268613277,982.84683502987,641.231581252353,83,82,-1
"270","2012-06",0.0502086041035884,1172.52139876006,389.307486913833,34,145,111
"271","2012-07",0.0502693405545957,1520.20341417312,339.392687775309,0,349,349
"272","2012-08",0.0503275911534298,1450.03061585455,355.244675569486,1,226,225
"273","2012-09",0.0503836508648935,1235.21027786095,405.898390980793,107,81,-26
"274","2012-10",0.0504393506332824,1006.4177784709,883.290571979287,354,5,-349
"275","2012-11",0.0504947018858391,1103.22159640187,2247.21051721066,776,0,-776
"276","2012-12",0.0505497877293606,1373.32723987472,2679.50355568104,848,0,-848
"277","2013-01",0.0506043421039643,1553.91503900218,3587.97254972218,1050,0,-1050
"278","2013-02",0.0506637221525763,1494.09140918832,3402.15007869911,995,0,-995
"279","2013-03",0.0507250080255526,1387.23647869859,3019.54604832285,891,0,-891
"280","2013-04",0.0507880230109206,1153.58910616008,1456.59646193874,434,4,-430
"281","2013-05",0.0508548605690686,984.296179406848,706.638695429078,193,54,-139
"282","2013-06",0.0509216312824679,1167.0710041384,428.814973359353,19,153,134
"283","2013-07",0.050991916674363,1470.69551675182,345.193836918907,2,313,311
"284","2013-08",0.0510639274570678,1327.63936503135,348.682643152914,9,159,150
"285","2013-09",0.0511376311921652,1146.23380528277,402.751273057345,130,66,-64
"286","2013-10",0.0512146594401069,1009.3371339498,811.329281241242,330,25,-305
"287","2013-11",0.05129479748523,1120.4675983334,2104.71072147957,762,0,-762
"288","2013-12",0.0513800064713988,1469.59430016569,3303.7873413601,986,0,-986
"289","2014-01",0.0514677121577253,1744.33904134614,4575.39716568247,1319,0,-1319
"290","2014-02",0.0515576388752234,1594.40831593825,3920.81790398669,1112,0,-1112
"291","2014-03",0.0516491752674814,1496.52519877794,3397.82142497124,987,0,-987
"292","2014-04",0.0517411737230594,1156.06268287096,1497.39400922022,476,0,-476
"293","2014-05",0.0518332829099449,1001.70592508891,747.36100894647,157,29,-128
"294","2014-06",0.0519261586082186,1101.14509216322,430.347478100651,9,147,138
"295","2014-07",0.0520199158115425,1315.45824785176,356.17069799967,6,211,205
"296","2014-08",0.0521124730600861,1239.24231141567,364.805278936387,8,134,126
"297","2014-09",0.0522063855607728,1117.44476995486,409.311933418466,90,81,-9
"298","2014-10",0.0523016821590723,964.450588849473,817.885271172747,321,3,-318
"299","2014-11",0.0523989877699765,1104.23211474844,2151.37320357277,786,0,-786
"300","2014-12",0.0524989632572982,1419.29603051043,3202.95443768881,903,0,-903
"301","2015-01",0.0526006158455656,1664.14978281371,4153.11783174358,1237,0,-1237
"302","2015-02",0.0526978508703288,1652.12919384785,4449.78404863517,1285,0,-1285
"303","2015-03",0.0527873891843034,1522.23345231803,3257.90049693543,963,0,-963
"304","2015-04",0.0528692789506572,1098.0760000141,1472.52603622828,436,0,-436
"305","2015-05",0.0529440414040045,1000.91408954888,654.45900520366,95,106,11
"306","2015-06",0.0530118441384797,1171.91611384282,461.723512237717,27,158,131
"307","2015-07",0.0530719730758416,1347.00588066921,355.996824595233,0,245,245
"308","2015-08",0.0531245227636493,1393.54775874872,348.703455908192,5,198,193
"309","2015-09",0.0531704365773975,1265.75128774174,411.702320345463,35,131,96
"310","2015-10",0.0532093532646327,992.510826675709,991.886634495743,394,0,-394
"311","2015-11",0.0532439213233195,991.624919346976,1564.00113723268,529,0,-529
"312","2015-12",0.0532711121577908,1215.81564339709,2102.25511372615,638,0,-638
"313","2016-01",0.0532948392365493,1493.20868354867,3813.87124642598,1151,0,-1151
"314","2016-02",0.0533280769279119,1449.58777666935,3198.50934630499,938,0,-938
"315","2016-03",0.0533698928469399,1220.10796856427,1930.25601589415,613,0,-613
"316","2016-04",0.0534204992591161,1026.69238032989,1453.45761550101,474,1,-473
"317","2016-05",0.0534799355715023,952.226758706171,807.190508402473,231,55,-176
"318","2016-06",0.0535484996178675,1160.60913382686,445.706808120735,16,151,135
"319","2016-07",0.0536251997639827,1470.82288284118,356.823132895603,2,320,318
"320","2016-08",0.0537110868847754,1602.80140952706,338.512745385673,0,325,325
"321","2016-09",0.0538061851743316,1359.55796084436,357.712689308288,25,165,140
"322","2016-10",0.0539101056984927,995.776771808636,757.060824737252,249,20,-229
"323","2016-11",0.0540252318572005,1037.45906750704,1719.10529219582,608,0,-608
"324","2016-12",0.0541506963578164,1399.37023519952,3322.12730921259,979,0,-979
"325","2017-01",0.0542849197394699,1531.4047681501,3428.99596708588,962,0,-962
"326","2017-02",0.054409112788005,1264.54745027129,2657.34730158579,729,0,-729
"327","2017-03",0.0545199674894771,1287.21487026407,2895.8823570618,861,0,-861
"328","2017-04",0.0546178328927285,1019.51415928927,1178.52204066157,288,11,-277
"329","2017-05",0.0547020074147484,938.290821828944,814.332658181268,216,30,-186
"330","2017-06",0.0547731006354498,1110.48442596826,437.225580923622,32,156,124
"331","2017-07",0.0548303573449728,1407.06100020265,359.710466281513,0,271,271
"332","2017-08",0.0548742517407835,1327.41799605528,332.360617438344,13,154,141
"333","2017-09",0.0549054203872525,1090.3113101841,394.212371055135,80,99,19
"334","2017-10",0.0549239011443841,1017.30947258644,674.523649807486,242,30,-212
"335","2017-11",0.0549309753985424,1044.66118033584,1956.77923728162,700,0,-700
"336","2017-12",0.0549263004147638,1432.45732390349,3620.82927028672,1077,0,-1077
