"","Date","Real GDP per capita (millions of chained 2012 dollars per person)","Electricity Sale to Residential Consumers per capita (MJ/person)","Natural Gas Deliveries to Residential Consumers per capita (MJ/person)","HDD","CDD","DD"
"1","1990-01",0.0261131870176523,945.539442987314,3512.02650403055,929,0,-929
"2","1990-02",0.0260948372009021,765.650045479604,2730.34740520033,900,0,-900
"3","1990-03",0.0260659394513715,752.069689649954,2646.65265461195,807,0,-807
"4","1990-04",0.0260243803228516,679.094338070112,2012.13013211259,547,4,-543
"5","1990-05",0.0259735789940259,614.397078234615,1312.37292861766,323,0,-323
"6","1990-06",0.0259121610984259,609.418128310161,820.865739499446,36,73,37
"7","1990-07",0.0258406498573941,674.130403157284,518.068409810952,6,210,204
"8","1990-08",0.0257587153768643,751.552646692266,516.916421122605,3,225,222
"9","1990-09",0.0256665894697626,705.211099525607,580.39150961061,134,51,-83
"10","1990-10",0.0255645081113381,587.437660107379,740.788406680369,284,31,-253
"11","1990-11",0.0254538407496188,666.464376825521,1456.87007634586,603,0,-603
"12","1990-12",0.0253332616436722,764.520783955997,2253.88237469134,840,0,-840
"13","1991-01",0.0252030334339359,878.8568722704,3002.75829293651,1146,0,-1146
"14","1991-02",0.0250899927328333,775.844959767712,2923.47709061162,880,0,-880
"15","1991-03",0.024995249949775,740.276643337496,2637.41996172176,777,0,-777
"16","1991-04",0.0249175280342818,671.379817842913,1894.34164508147,457,2,-455
"17","1991-05",0.0248565067786398,598.435895050675,1171.46217987573,144,60,-84
"18","1991-06",0.0248121392595726,640.039608326101,608.966163673172,40,113,73
"19","1991-07",0.0247879266879609,708.1455819947,536.868492218512,4,221,217
"20","1991-08",0.024781136740567,719.308541679041,566.098065009034,3,215,212
"21","1991-09",0.0247922038333281,708.85450181341,529.559785446785,154,55,-99
"22","1991-10",0.0248216718978822,602.508011160773,938.578357953143,330,2,-328
"23","1991-11",0.0248699217327871,669.331369897002,1549.69589694189,645,0,-645
"24","1991-12",0.0249372319118822,780.743781613022,2359.99110141331,942,0,-942
"25","1992-01",0.0250227771629783,887.914368735548,3236.88763114977,1107,0,-1107
"26","1992-02",0.0251030021769628,813.965026820524,3340.84489591797,984,0,-984
"27","1992-03",0.0251772220166007,763.808962972081,3028.61814186591,949,0,-949
"28","1992-04",0.0252450073137101,694.100893559685,2455.4412672451,615,0,-615
"29","1992-05",0.0253071205996844,631.309265919455,1563.89129213388,290,15,-275
"30","1992-06",0.0253633344566435,610.009635546632,834.073993193039,44,50,6
"31","1992-07",0.0254139370429948,633.849644237172,691.439456532383,21,131,110
"32","1992-08",0.0254581897970832,665.821704908867,457.799640696797,13,118,105
"33","1992-09",0.025497308683831,686.161841896011,592.111831598176,134,49,-85
"34","1992-10",0.0255309991230696,630.586927827031,963.567948761726,474,0,-474
"35","1992-11",0.0255597366641219,681.806970524313,1862.51359897384,718,0,-718
"36","1992-12",0.025583456217877,803.273328311466,2602.58616261781,999,0,-999
"37","1993-01",0.0256015717296955,881.407378050208,3348.28537928869,1081,0,-1081
"38","1993-02",0.0256206225242952,816.656116179118,3603.60159735894,1147,0,-1147
"39","1993-03",0.0256400699702542,801.912773694333,3566.50845362732,961,0,-961
"40","1993-04",0.0256592071285228,696.728999500161,2384.71622089723,526,0,-526
"41","1993-05",0.0256785380646883,602.226906866907,1211.07818072399,179,10,-169
"42","1993-06",0.0256978100338517,602.732432346755,727.693603218789,54,106,52
"43","1993-07",0.0257172192150175,729.017243677795,605.302720601546,2,232,230
"44","1993-08",0.0257365261238861,754.585568623215,512.146399591468,1,211,210
"45","1993-09",0.0257564571298393,728.898388005091,528.57709624051,131,83,-48
"46","1993-10",0.0257768684304231,646.59988016159,1058.57675674692,460,0,-460
"47","1993-11",0.0257984925752607,682.043661626839,1640.04761553652,677,0,-677
"48","1993-12",0.025820852925742,758.039840696322,2198.12560397102,1030,0,-1030
"49","1994-01",0.0258436999100539,917.448012441223,3327.42423169611,1385,0,-1385
"50","1994-02",0.0258710999940482,838.595552184575,3555.20054907879,1149,0,-1149
"51","1994-03",0.0259015001263287,809.716681512332,2931.17031099411,880,0,-880
"52","1994-04",0.0259342588209067,683.303783675614,1848.22388282769,471,0,-471
"53","1994-05",0.0259714591305943,612.626475082188,1195.65712368309,297,3,-294
"54","1994-06",0.0260116009831408,632.578319957842,655.808499959603,25,135,110
"55","1994-07",0.0260551711761668,811.73425576208,478.429784191043,0,319,319
"56","1994-08",0.0261022159019324,864.936703316731,460.083748973048,19,136,117
"57","1994-09",0.0261527933151105,681.08987055367,465.716468938357,106,18,-88
"58","1994-10",0.0262072974820526,619.398354543914,803.055955077405,397,0,-397
"59","1994-11",0.0262661501327148,648.915126302199,1157.0709575627,550,0,-550
"60","1994-12",0.0263290332642908,781.761857906972,2049.79767961938,892,0,-892
"61","1995-01",0.0263958052919954,876.645334829102,2244.1080706661,959,0,-959
"62","1995-02",0.026466263331913,811.35015145792,3173.03910522919,1051,0,-1051
"63","1995-03",0.0265401779870968,791.028735089118,2880.14214990651,803,0,-803
"64","1995-04",0.0266165991831698,691.580928150525,2006.02570166558,571,0,-571
"65","1995-05",0.026696854485424,636.176592531842,1307.48018195196,284,2,-282
"66","1995-06",0.0267798076295502,657.314549800264,778.107294990325,34,89,55
"67","1995-07",0.0268657896183578,783.50209062063,490.375495804057,0,277,277
"68","1995-08",0.0269551439572859,901.994646210883,490.448609506543,5,203,198
"69","1995-09",0.0270473855243989,717.830089733187,518.961104148299,133,38,-95
"70","1995-10",0.0271431104289396,621.712778388223,735.788000548334,283,0,-283
"71","1995-11",0.0272433689030286,678.128719664669,1462.91708120145,763,0,-763
"72","1995-12",0.0273478069580824,827.447841068304,2884.40370711265,1148,0,-1148
"73","1996-01",0.0274561452670323,972.223739583435,3659.8774175564,1185,0,-1185
"74","1996-02",0.0275347655413771,835.352974034325,3415.88989340727,1072,0,-1072
"75","1996-03",0.0275832334176804,747.794306854436,2917.78212858931,974,0,-974
"76","1996-04",0.0276013560376993,705.818016318507,2082.23488753472,539,0,-539
"77","1996-05",0.027589948396998,640.113763618039,1332.05414314505,296,30,-266
"78","1996-06",0.0275483253432202,647.666879244928,758.116910494904,22,84,62
"79","1996-07",0.0274768977980545,732.627594987831,530.30407245135,0,149,149
"80","1996-08",0.0273751035560601,762.992127990314,493.106418223613,3,165,162
"81","1996-09",0.0272436177799097,767.673067207273,511.803801023227,108,60,-48
"82","1996-10",0.027082749732225,670.343736075345,808.940757805128,430,0,-430
"83","1996-11",0.0268922026809113,709.96478898618,1552.41672803355,807,0,-807
"84","1996-12",0.0266731703051776,847.319792573172,2577.08393252005,860,0,-860
"85","1997-01",0.0264246454149143,922.628117281313,3170.22243341142,1156,0,-1156
"86","1997-02",0.0263459708376912,818.014008538255,3172.07557624362,847,0,-847
"87","1997-03",0.0264367088122509,687.400408034975,2701.77962246213,896,0,-896
"88","1997-04",0.0266965599072741,705.257388664131,2188.31878284255,583,0,-583
"89","1997-05",0.0271262825187933,622.968132785462,1285.09708639411,330,0,-330
"90","1997-06",0.0277251474412523,719.741257857992,797.75071572891,88,136,48
"91","1997-07",0.0284931859655185,821.129508497663,526.613199869573,6,216,210
"92","1997-08",0.0294293998156631,806.283629634973,485.875984482683,3,142,139
"93","1997-09",0.0305346229567163,721.454358506056,518.592046645333,105,41,-64
"94","1997-10",0.0318086825033465,649.520078512313,722.217558483265,444,3,-441
"95","1997-11",0.0332514849224129,713.92228353872,1603.69215724203,758,0,-758
"96","1997-12",0.0348625953043841,880.872531705396,2746.99199498795,992,0,-992
"97","1998-01",0.0366403156754454,589.032213683962,3042.98437694797,967,0,-967
"98","1998-02",0.0382452927797229,851.10429240922,2975.18253317096,817,0,-817
"99","1998-03",0.0396774843482695,694.719135751018,2626.95410840545,785,0,-785
"100","1998-04",0.0409358158182895,715.943256116815,1817.6593127976,494,0,-494
"101","1998-05",0.0420226465039038,673.229694936876,1094.97224356451,161,21,-140
"102","1998-06",0.0429382210955458,707.993587494353,680.659078572749,76,79,3
"103","1998-07",0.043682966582973,816.462200180899,505.86573091453,0,214,214
"104","1998-08",0.0442564970449518,927.43776192583,479.954755995339,3,216,213
"105","1998-09",0.0446600139902191,860.989619396719,478.230338336065,66,68,2
"106","1998-10",0.0448932346537778,738.078288185247,708.314665236656,389,0,-389
"107","1998-11",0.0449561529500336,753.2009218873,1548.39307428484,688,0,-688
"108","1998-12",0.0448485596814033,865.262846811968,2074.15906802818,853,0,-853
"109","1999-01",0.0445678912837684,956.537011917542,3402.23273384682,1118,0,-1118
"110","1999-02",0.0443117894725903,838.152473341621,2940.71371449746,894,0,-894
"111","1999-03",0.0440782555536028,812.046506250596,2987.6757838095,823,0,-823
"112","1999-04",0.043866152216357,700.300595998695,1879.22490764858,498,0,-498
"113","1999-05",0.0436774358554328,637.937599856322,1046.17237609445,211,12,-199
"114","1999-06",0.0435121810703093,709.405631303187,612.539655719603,25,145,120
"115","1999-07",0.0433709426497388,922.468959314966,491.053566101857,2,311,309
"116","1999-08",0.0432535843899409,1009.47345915553,435.538412082667,10,181,171
"117","1999-09",0.043160719896499,854.059064039603,483.345689696734,59,81,22
"118","1999-10",0.0430920798821731,714.306608099694,746.217872554222,428,0,-428
"119","1999-11",0.0430483261850215,692.051007931506,1316.38439694587,554,0,-554
"120","1999-12",0.0430285748023397,845.63021453758,1848.84660987517,905,0,-905
"121","2000-01",0.0430307671793533,898.894102942088,3018.06338652576,1192,0,-1192
"122","2000-02",0.0430357233647176,879.401964111018,3670.68235849834,929,0,-929
"123","2000-03",0.0430412411367639,753.788041132055,2689.62084960844,697,0,-697
"124","2000-04",0.0430456959638078,663.654024768904,1877.69908309066,548,0,-548
"125","2000-05",0.0430522049234376,824.070485494202,1319.07379834193,238,24,-214
"126","2000-06",0.0430581897518102,658.693965443416,734.463682985351,59,121,62
"127","2000-07",0.0430632920763748,773.056867581674,493.519444839953,2,131,129
"128","2000-08",0.0430691335491001,832.661136656481,460.64560393965,10,142,132
"129","2000-09",0.043074685607771,717.57439801524,515.942534286168,137,66,-71
"130","2000-10",0.0430805713367903,647.89485463632,735.495776043122,393,0,-393
"131","2000-11",0.0430874866417829,667.45175926428,1285.38198213441,675,0,-675
"132","2000-12",0.0430944602544202,818.253834729405,2534.58053165366,1140,0,-1140
"133","2001-01",0.0431027284916759,873.825091941833,3542.27968396277,1149,0,-1149
"134","2001-02",0.0431220715825996,742.018539356651,3030.46912577259,956,0,-956
"135","2001-03",0.0431516248346356,819.531468185209,2946.42728866285,921,0,-921
"136","2001-04",0.0431911902191462,673.309411537244,2183.02136464651,506,0,-506
"137","2001-05",0.0432415813616803,667.331724837621,1054.69754334226,192,36,-156
"138","2001-06",0.0433017674406656,740.721947555494,659.627489585507,21,169,148
"139","2001-07",0.0433726318483473,814.573182846138,487.584275010641,7,145,138
"140","2001-08",0.0434535535481528,965.568634458876,460.879089968663,0,281,281
"141","2001-09",0.0435445088784335,734.595121284017,518.034946843484,77,70,-7
"142","2001-10",0.0436487117143078,683.006194144209,631.339365377641,335,7,-328
"143","2001-11",0.0437619575246596,667.844063002431,1178.88201481082,525,0,-525
"144","2001-12",0.0438860008700329,801.012261274971,1643.51325361472,817,0,-817
"145","2002-01",0.0440208054665086,875.400106875454,2904.65472179895,937,0,-937
"146","2002-02",0.0441514418090912,717.834870443056,2622.21724795543,841,0,-841
"147","2002-03",0.0442787802150932,771.506247398771,2323.30556762411,790,0,-790
"148","2002-04",0.0444010412809187,677.608500092954,1837.94566363708,450,13,-437
"149","2002-05",0.0445185911116085,683.856516375977,1251.97093594723,292,8,-284
"150","2002-06",0.0446313038652559,682.663643882773,774.712727402341,89,77,-12
"151","2002-07",0.0447403396949484,1017.64306357142,471.776405474745,6,259,253
"152","2002-08",0.0448447956411117,1051.06457008741,436.971375505446,8,269,261
"153","2002-09",0.0449446727879227,817.858302954408,422.502476685495,41,79,38
"154","2002-10",0.0450409128925723,671.14839248361,610.607049471794,444,17,-427
"155","2002-11",0.045133824261243,731.09017857695,1599.15047765696,698,0,-698
"156","2002-12",0.045224189410843,854.956748399324,2575.85863187884,1041,0,-1041
"157","2003-01",0.0453105759613568,973.525830599097,3233.45788958731,1307,0,-1307
"158","2003-02",0.0454115976018275,779.829255867573,3744.30480698957,1119,0,-1119
"159","2003-03",0.0455252458984847,888.706719731755,3281.49373494824,866,0,-866
"160","2003-04",0.0456506071563287,731.2378303011,2159.9172861488,609,0,-609
"161","2003-05",0.0457877680830488,678.709643660826,1432.92405564511,320,0,-320
"162","2003-06",0.0459329469974388,744.351087406546,820.325842708909,77,71,-6
"163","2003-07",0.0460894808686331,1005.64382314443,499.94230010961,0,228,228
"164","2003-08",0.0462584781085872,1107.63418317234,472.559219553287,1,270,269
"165","2003-09",0.0464404903684815,765.531166286676,424.005873574259,46,57,11
"166","2003-10",0.046635001803585,738.842183353721,671.224780627022,438,0,-438
"167","2003-11",0.0468424350427134,760.221034108254,1366.48271763668,583,0,-583
"168","2003-12",0.0470637687050956,899.055687056044,2281.65219819034,953,0,-953
"169","2004-01",0.0472980548331633,1014.88336656117,3274.4791258366,1405,0,-1405
"170","2004-02",0.0475149886267594,830.179672577096,4083.91325598447,973,0,-973
"171","2004-03",0.0477132971798611,815.267126597534,2641.11840106599,831,0,-831
"172","2004-04",0.0478913400497359,755.580930427335,2346.70166461334,500,0,-500
"173","2004-05",0.0480502590781299,716.196122593499,1179.09487724527,193,16,-177
"174","2004-06",0.0481917708458703,767.150520234779,649.267168227775,68,85,17
"175","2004-07",0.0483145922885395,934.570820118558,499.974779566531,0,173,173
"176","2004-08",0.0484184744990194,959.873786565664,431.442408006284,11,176,165
"177","2004-09",0.0485042240448963,864.212507088111,439.708825876231,61,63,2
"178","2004-10",0.0485713010297717,733.593710827804,600.713665287394,403,0,-403
"179","2004-11",0.048621736982322,762.833990061753,1375.14391694609,670,0,-670
"180","2004-12",0.0486546352942587,927.008267631926,2142.52879477892,1052,0,-1052
"181","2005-01",0.0486693392973926,985.746361055151,3161.38239242254,1256,0,-1256
"182","2005-02",0.0487023745661658,827.964077984152,3509.48146227291,1000,0,-1000
"183","2005-03",0.0487498928080854,861.067214927146,3041.02407775849,1008,0,-1008
"184","2005-04",0.0488111634023774,724.429115205163,2247.85661013466,483,0,-483
"185","2005-05",0.0488873200194313,717.872902466519,1180.40494029739,390,0,-390
"186","2005-06",0.048979898894184,867.164818530362,844.596601400087,49,170,121
"187","2005-07",0.0490873879585707,1088.68031111015,512.481523033065,5,241,236
"188","2005-08",0.0492106890123342,1176.76865391929,418.092834290565,0,276,276
"189","2005-09",0.0493493227915689,936.779609175702,471.166803776618,46,92,46
"190","2005-10",0.0495039429423241,787.420556033577,516.118873506593,378,17,-361
"191","2005-11",0.049677000405342,789.194920911301,1150.73419018124,633,0,-633
"192","2005-12",0.0498643144518761,957.525642063033,2330.65207078619,1078,0,-1078
"193","2006-01",0.0500685538811123,905.418018775666,2969.13016719722,886,0,-886
"194","2006-02",0.0502427526641223,818.64443547133,2342.15117903891,941,0,-941
"195","2006-03",0.0503883753656652,836.235478434443,2828.24020728098,851,0,-851
"196","2006-04",0.0505032490171834,705.376951860506,2135.66231365962,474,0,-474
"197","2006-05",0.0505886449527918,717.75875046115,1240.64595357668,259,16,-243
"198","2006-06",0.050642999447231,840.74071385479,773.643720175138,51,115,64
"199","2006-07",0.050666990773226,1117.30668682427,501.321160095592,0,285,285
"200","2006-08",0.0506616543545975,1136.77018414599,412.660647887186,19,191,172
"201","2006-09",0.0506253144715654,760.433691385777,483.337325911781,107,18,-89
"202","2006-10",0.0505602665631008,728.220017514295,602.146816865148,393,0,-393
"203","2006-11",0.0504660379634431,758.6935066719,1146.58801425661,511,0,-511
"204","2006-12",0.0503407575350995,889.903785038311,1778.55529212392,778,0,-778
"205","2007-01",0.0501868559398249,889.554656968353,2311.95791563706,988,0,-988
"206","2007-02",0.0500352757436773,916.110766658638,3310.98250265756,1107,0,-1107
"207","2007-03",0.0498854156293842,885.506390880013,3240.87844251372,854,0,-854
"208","2007-04",0.0497354897931504,751.846163376899,2224.05642246569,590,0,-590
"209","2007-05",0.0495871225391804,746.663542340449,1324.28606274596,212,28,-184
"210","2007-06",0.0494390768605519,833.07863347935,657.742359266238,57,95,38
"211","2007-07",0.0492914186010204,1010.51398987768,475.219435287222,5,210,205
"212","2007-08",0.0491449003606366,1230.2420188087,406.540108433506,14,203,189
"213","2007-09",0.0489997065757665,865.654951578693,474.379833858146,66,91,25
"214","2007-10",0.0488567328104132,802.052650656438,489.854890577536,222,21,-201
"215","2007-11",0.0487149698278642,770.786761889654,1012.67595030695,685,0,-685
"216","2007-12",0.0485753441493045,984.728681016946,2193.95201016677,1007,0,-1007
"217","2008-01",0.0484383228980686,932.39316905188,3090.80933201895,1019,0,-1019
"218","2008-02",0.0483101263793419,863.113852470417,3175.23306573601,972,0,-972
"219","2008-03",0.0481900978034114,872.036522164909,2677.15860973512,835,0,-835
"220","2008-04",0.048079445545639,732.662951400023,2018.79732207045,474,0,-474
"221","2008-05",0.0479756859577242,726.398006479984,1359.26903678448,299,2,-297
"222","2008-06",0.0478806191858936,855.027777589533,721.272324925021,22,145,123
"223","2008-07",0.0477933504484953,1214.83486876893,479.831376299356,0,269,269
"224","2008-08",0.0477138994286986,993.390511878154,457.22981777601,9,106,97
"225","2008-09",0.0476432592185334,780.747023623517,413.052770985598,100,61,-39
"226","2008-10",0.0475816415595046,690.415532477462,527.115669885413,426,0,-426
"227","2008-11",0.0475289298648755,857.061941052228,1076.86679792938,692,0,-692
"228","2008-12",0.0474859953914756,879.29916583597,2179.53854986209,928,0,-928
"229","2009-01",0.0474509453451046,990.513855278825,3181.57198539546,1296,0,-1296
"230","2009-02",0.0474344506920536,785.291527013004,3535.27033508656,933,0,-933
"231","2009-03",0.0474350132200632,842.855774540348,2774.87911201468,867,0,-867
"232","2009-04",0.0474536268002917,716.931619613577,2125.43959005664,484,7,-477
"233","2009-05",0.0474890487490724,739.718817855525,1087.40731651298,236,4,-232
"234","2009-06",0.0475415778698612,710.408480521004,610.512478727735,91,25,-66
"235","2009-07",0.047611170489654,883.768721539828,550.892925401095,12,122,110
"236","2009-08",0.0476980766688827,1197.6588378339,467.630910266513,6,225,219
"237","2009-09",0.0478014611782993,721.634162872667,415.193111757028,123,20,-103
"238","2009-10",0.0479228049490885,772.846181716884,620.702871807203,439,0,-439
"239","2009-11",0.0480621322142699,735.945362047482,1144.75187629914,536,0,-536
"240","2009-12",0.0482207446415654,940.417619994501,1894.87033845194,1026,0,-1026
"241","2010-01",0.0483961165787778,945.274072216951,3224.43921604315,1155,0,-1155
"242","2010-02",0.0485511099351894,839.912961864863,2901.74023540438,938,0,-938
"243","2010-03",0.0486859722348759,787.660626075182,1951.29711030398,663,0,-663
"244","2010-04",0.0487999820973031,720.136260496509,880.621644896248,389,0,-389
"245","2010-05",0.0488933056326094,757.855663582735,650.473025277331,157,24,-133
"246","2010-06",0.0489661052499003,897.308648877084,428.535748871055,29,144,115
"247","2010-07",0.0490173642114411,1257.90759594359,341.20380663043,2,312,310
"248","2010-08",0.0490472160390902,1060.57407917437,479.974344940558,2,198,196
"249","2010-09",0.0490557751574999,908.325405207734,407.027088340224,61,93,32
"250","2010-10",0.0490436706394983,759.4379527266,858.319174542024,343,10,-333
"251","2010-11",0.0490125868364377,781.016576489564,1829.94803500846,634,0,-634
"252","2010-12",0.0489612291450987,942.091224536888,3459.95998919406,1050,0,-1050
"253","2011-01",0.048888465679196,987.500631629939,3741.25113269382,1194,0,-1194
"254","2011-02",0.048827088591461,858.111817674259,2942.67892317409,977,0,-977
"255","2011-03",0.0487762774363351,849.052673576322,2396.88473003424,824,0,-824
"256","2011-04",0.0487337622905658,764.899930740031,1221.18993993696,466,0,-466
"257","2011-05",0.0487012890751987,705.94683310892,709.926522988477,227,35,-192
"258","2011-06",0.0486790323816899,880.079660363505,316.912155410995,51,84,33
"259","2011-07",0.048665129072091,1268.82547313607,387.908060716663,0,278,278
"260","2011-08",0.0486610864183575,1045.50568454966,430.082572655032,0,200,200
"261","2011-09",0.0486659370621931,898.402858260535,416.676400390458,55,100,45
"262","2011-10",0.0486817067832081,770.226243137491,864.151309568904,318,4,-314
"263","2011-11",0.0487083190053043,788.490814278669,1364.01236269361,503,0,-503
"264","2011-12",0.0487448208557761,890.562363252446,2553.90634493595,793,0,-793
"265","2012-01",0.0487909791433615,920.417633735956,3274.47697459837,947,0,-947
"266","2012-02",0.0488395376509929,822.147844953584,2377.52094920715,831,0,-831
"267","2012-03",0.0488869004548177,810.380960048949,1822.06078775937,604,0,-604
"268","2012-04",0.0489348384895876,728.767684467763,1040.52612761462,441,2,-439
"269","2012-05",0.0489833099828885,742.640834568362,630.255426065363,169,34,-135
"270","2012-06",0.0490309822786081,851.324538232201,557.23388827401,75,94,19
"271","2012-07",0.0490785029099454,1211.18597239421,445.156226306025,0,267,267
"272","2012-08",0.049125344506111,1237.53949655346,422.524826393317,0,218,218
"273","2012-09",0.049171742876962,836.560304670646,409.148489575938,97,54,-43
"274","2012-10",0.049219181213295,782.624123500117,853.253622517959,296,3,-293
"275","2012-11",0.0492676622602843,798.024117417774,2109.57151654951,706,0,-706
"276","2012-12",0.0493172460005767,932.10438950669,2389.37895323613,823,0,-823
"277","2013-01",0.0493677074721261,1023.75113693664,3503.21022189582,1034,0,-1034
"278","2013-02",0.049412663650862,832.430113227338,3034.66670710271,960,0,-960
"279","2013-03",0.0494497257791118,901.248551961605,1893.32384254216,861,0,-861
"280","2013-04",0.0494787375337807,730.76429437441,1152.88591285261,533,0,-533
"281","2013-05",0.0495013871246781,740.170803624601,771.341533789588,231,23,-208
"282","2013-06",0.0495145087186361,904.675242176557,494.655263421561,36,115,79
"283","2013-07",0.0495210001368172,1386.98208703716,385.614833590154,0,337,337
"284","2013-08",0.0495194049544818,990.565940176612,413.326681931743,2,133,131
"285","2013-09",0.0495096945451881,797.524939749249,531.474708838512,140,63,-77
"286","2013-10",0.0494931828618071,752.309253122265,989.769930201619,341,1,-340
"287","2013-11",0.0494696910512987,789.46425906781,2400.41507218181,687,0,-687
"288","2013-12",0.0494407869624906,971.845078664794,3162.21222980654,959,0,-959
"289","2014-01",0.0494043958519256,1052.09898743079,3763.32603526687,1175,0,-1175
"290","2014-02",0.0493812284889173,841.651590814673,3128.95298569575,1039,0,-1039
"291","2014-03",0.0493707680466602,962.605647736003,3024.69292104609,998,0,-998
"292","2014-04",0.0493720776350794,741.769384103093,2393.88144300649,568,0,-568
"293","2014-05",0.049384859705892,718.91752501003,684.583592030815,227,5,-222
"294","2014-06",0.0494096164151106,804.288825216954,598.275537137066,31,65,34
"295","2014-07",0.0494464193498273,1124.62029813294,438.125721470958,0,214,214
"296","2014-08",0.0494936035614182,931.528648941306,405.226390931217,6,111,105
"297","2014-09",0.0495531726026762,910.082725940135,485.177570321913,101,77,-24
"298","2014-10",0.0496251293360854,723.617185411852,511.78588097377,291,7,-284
"299","2014-11",0.0497099481598792,773.832572041954,2081.83039453752,681,0,-681
"300","2014-12",0.0498081327034272,894.344095919607,2729.83646866224,836,0,-836
"301","2015-01",0.04991888231502,1022.20528172755,4318.21001041597,1182,0,-1182
"302","2015-02",0.0500189804959593,951.096471652785,4259.77342436018,1285,0,-1285
"303","2015-03",0.0501058161723484,898.311347987603,3379.85097314626,1013,0,-1013
"304","2015-04",0.0501794065063217,716.29697703895,1462.20837167214,526,0,-526
"305","2015-05",0.0502401428486301,723.323912031888,591.612597962468,146,36,-110
"306","2015-06",0.0502881374403845,813.979563731745,510.57112133813,92,79,-13
"307","2015-07",0.0503228071745497,1090.18674774679,447.983533170699,0,234,234
"308","2015-08",0.0503442081183335,1166.89677248005,414.099369035367,0,233,233
"309","2015-09",0.0503530652555987,943.669775024505,400.716898820112,38,124,86
"310","2015-10",0.0503490748903122,774.328541120894,1089.24181853109,377,0,-377
"311","2015-11",0.0503342998759183,736.359707314656,1672.0587422439,520,0,-520
"312","2015-12",0.0503063370270561,853.516235792228,1999.58991186323,600,0,-600
"313","2016-01",0.0502682358913259,956.052051738916,3400.5146260859,1026,0,-1026
"314","2016-02",0.0502371987660142,807.056644067809,2858.34569512136,899,0,-899
"315","2016-03",0.0502124662728111,798.358865298053,1981.43855006168,686,0,-686
"316","2016-04",0.0501941794357148,715.139243497483,1533.74720073838,553,0,-553
"317","2016-05",0.0501823464932751,696.086648990614,763.696548373851,251,30,-221
"318","2016-06",0.0501771793070273,831.021730099056,332.663343087151,24,75,51
"319","2016-07",0.0501778894150065,1186.73437838261,274.276578288861,2,275,273
"320","2016-08",0.050185279738853,1256.19161332105,241.489362789919,0,351,351
"321","2016-09",0.0501993556837057,931.164923553249,368.315828223202,5,189,184
"322","2016-10",0.0502198055615875,744.078667148615,926.776679565826,188,26,-162
"323","2016-11",0.0502484618898849,728.514495065601,1792.96099258355,579,0,-579
"324","2016-12",0.0502846425180974,839.317559898428,3133.47929621846,922,0,-922
"325","2017-01",0.0503271238653432,901.608636331286,3027.76513346793,941,0,-941
"326","2017-02",0.0503666865560142,784.885187572605,2569.4013126816,813,0,-813
"327","2017-03",0.0504007792233979,848.907599625986,3195.74453406793,945,0,-945
"328","2017-04",0.0504296675171885,711.945966049311,1218.409324961,413,3,-410
"329","2017-05",0.0504528121077791,717.616145439947,815.528862196638,292,24,-268
"330","2017-06",0.0504706788231234,845.250849878013,472.049478378966,63,121,58
"331","2017-07",0.0504826893591975,1087.43772491785,422.901884583901,8,211,203
"332","2017-08",0.0504892061277694,1058.14620771378,415.637912383877,7,163,156
"333","2017-09",0.0504907146916147,881.882516805544,394.077285123907,53,96,43
"334","2017-10",0.0504872434864227,690.503343272241,640.94268410443,177,21,-156
"335","2017-11",0.0504797699014199,760.478304200734,2092.62370247261,637,0,-637
"336","2017-12",0.050468033200021,998.210964518067,3554.61353912764,1067,0,-1067
