"","Date","Real GDP per capita (millions of chained 2012 dollars per person)","Electricity Sale to Residential Consumers per capita (MJ/person)","Natural Gas Deliveries to Residential Consumers per capita (MJ/person)","HDD","CDD","DD"
"1","1990-01",0.0217006098375767,2151.84463273442,1528.26602710183,455,0,-455
"2","1990-02",0.0216781711495035,1414.06198154623,809.406356879327,319,9,-310
"3","1990-03",0.0216539306025759,1367.50370030351,702.692691081124,261,26,-235
"4","1990-04",0.021616753665244,1231.68101079069,479.052099941751,136,37,-99
"5","1990-05",0.0215846445568551,1232.80684067476,229.200645701171,16,181,165
"6","1990-06",0.0215503616793815,1467.96568120629,136.295626415187,0,375,375
"7","1990-07",0.0215166564690515,2004.0189564318,113.440982579724,0,502,502
"8","1990-08",0.021481803833527,1981.44875492835,107.054298609842,0,464,464
"9","1990-09",0.0214470365301705,1946.60368805165,115.821949423338,12,285,273
"10","1990-10",0.0214136182936365,1368.16785194041,148.921169116856,99,118,19
"11","1990-11",0.0213887953255523,1224.26446670437,494.196249698284,282,3,-279
"12","1990-12",0.0213656648823918,1396.3577897003,853.659531243432,449,2,-447
"13","1991-01",0.0213456905687104,1759.50387034114,1156.14228510189,599,0,-599
"14","1991-02",0.0213289142329402,1654.07054745078,1147.29343554552,428,4,-424
"15","1991-03",0.0213211480060137,1496.41359752435,880.938368502416,285,25,-260
"16","1991-04",0.0213155250038747,1212.00298621312,403.322066217407,75,74,-1
"17","1991-05",0.0213102347912546,1212.27713035749,184.539802426488,7,267,260
"18","1991-06",0.0213049283757162,1614.61276015825,133.879838613904,0,347,347
"19","1991-07",0.0213181530726071,2003.10195239931,114.219186568151,0,500,500
"20","1991-08",0.0213352415785857,2053.58043244236,112.545398359787,0,418,418
"21","1991-09",0.0213583797589938,1760.04731316331,118.471790827428,12,275,263
"22","1991-10",0.0213903180864473,1314.28612653504,195.70268637906,105,57,-48
"23","1991-11",0.0214329133383649,1292.31793020424,596.856152217198,428,5,-423
"24","1991-12",0.0214874523861588,1547.7853866757,945.735411901485,495,11,-484
"25","1992-01",0.0215493538222329,1807.35819568041,1272.45313739292,614,0,-614
"26","1992-02",0.0216100895946151,1717.33093465208,1231.84820785019,429,0,-429
"27","1992-03",0.021666052802368,1405.66676446126,801.366305254908,376,1,-375
"28","1992-04",0.0217150001459307,1379.16114965965,693.438283784896,176,48,-128
"29","1992-05",0.021760969434995,1207.33059663907,311.858256487395,60,104,44
"30","1992-06",0.0218027714207858,1363.29368765252,180.065773325063,0,274,274
"31","1992-07",0.0218419255446341,1957.92785720094,127.767672021817,0,503,503
"32","1992-08",0.0218745619079845,2089.04163291002,116.188228882117,0,371,371
"33","1992-09",0.021907053485986,1655.97869780254,122.988865820131,10,260,250
"34","1992-10",0.021937846059389,1310.21020780057,237.931620723526,156,17,-139
"35","1992-11",0.0219694127939916,1236.58207507746,525.309232197883,328,13,-315
"36","1992-12",0.022001399200493,1806.78099149978,1135.10550071138,613,0,-613
"37","1993-01",0.0220307344973506,1822.86183282356,1281.82324378133,530,0,-530
"38","1993-02",0.0220708743318903,1692.41222365478,1285.63371223157,575,0,-575
"39","1993-03",0.0221189514749529,1763.90771573757,1279.87659516897,447,0,-447
"40","1993-04",0.0221712122141331,1381.97531831433,765.793939456743,207,11,-196
"41","1993-05",0.0222302239572357,1194.77802385776,285.885244052548,15,171,156
"42","1993-06",0.0222945942540656,1648.71231928949,149.699809389178,0,389,389
"43","1993-07",0.0223652749469433,2326.45504717243,121.507833358256,0,597,597
"44","1993-08",0.0224409297912598,2290.36429611145,112.442107011353,0,460,460
"45","1993-09",0.0225252921759714,1995.82263115043,116.510871543172,9,322,313
"46","1993-10",0.0226175309501698,1365.71746857933,187.560244098526,119,54,-65
"47","1993-11",0.0227214399616547,1309.87924398781,603.932089418614,363,19,-344
"48","1993-12",0.0228344441530031,1697.76363415876,1085.79083015684,657,0,-657
"49","1994-01",0.0229551483565228,2268.34778007749,1781.87690225031,760,0,-760
"50","1994-02",0.0230728833745244,1911.39557961563,1475.84045942639,476,0,-476
"51","1994-03",0.0231793094664221,1455.41641690075,897.675919647329,282,13,-269
"52","1994-04",0.0232708934122638,1218.48632932134,452.621250439425,91,70,-21
"53","1994-05",0.0233587167731703,1202.22186386057,211.642877637629,45,120,75
"54","1994-06",0.0234346711186829,1605.22110456588,156.385102120101,0,388,388
"55","1994-07",0.0235012991595643,2139.31161320563,129.91528777675,0,440,440
"56","1994-08",0.0235587853299456,2035.90517749736,126.843669614888,0,366,366
"57","1994-09",0.0236073802302682,1739.9315001653,131.158389502653,2,194,192
"58","1994-10",0.0236491320221132,1245.54716354077,216.637628197367,128,30,-98
"59","1994-11",0.0236862212563644,1179.25374140384,468.945410164147,247,8,-239
"60","1994-12",0.0237168631680143,1545.03709974086,910.752330679043,493,3,-490
"61","1995-01",0.0237402196765405,1980.56369320175,1448.93486667025,636,0,-636
"62","1995-02",0.0237740548616931,1953.17200127994,1509.64512818855,577,0,-577
"63","1995-03",0.0238170895712364,1593.07146330563,1060.39552346923,273,7,-266
"64","1995-04",0.0238642550282796,1241.10654247507,465.697606460482,105,72,-33
"65","1995-05",0.0239225336808605,1307.78711602724,219.174766924784,16,230,214
"66","1995-06",0.023985893474139,1729.96346389818,149.71069791949,0,307,307
"67","1995-07",0.0240560582850683,2129.3024257123,138.42538360339,0,496,496
"68","1995-08",0.0241348114847201,2357.74862792438,116.318386040423,0,468,468
"69","1995-09",0.0242195854000169,1930.16029574752,139.021872371114,14,220,206
"70","1995-10",0.0243134947211358,1346.62239936565,188.86781348735,98,99,1
"71","1995-11",0.0244220301272603,1400.78222331155,660.779116374764,472,6,-466
"72","1995-12",0.0245433315376305,1844.63388759907,1290.88992203788,695,0,-695
"73","1996-01",0.0246759456925877,2421.71324784533,1926.17162353765,705,0,-705
"74","1996-02",0.0247728904437347,2140.63896861084,1732.84496599889,522,2,-520
"75","1996-03",0.0248319233569705,1637.54863893069,1089.98763893746,480,0,-480
"76","1996-04",0.0248520979915437,1476.24215437794,872.13443837405,171,37,-134
"77","1996-05",0.0248377824853768,1369.89596836747,277.460112689189,33,247,214
"78","1996-06",0.024785503625839,1812.75305316692,158.924326911522,1,344,343
"79","1996-07",0.0246975594685612,2261.74683342247,123.34493436914,0,466,466
"80","1996-08",0.0245711916445923,2203.18506866697,121.451601312898,0,379,379
"81","1996-09",0.0244101224000165,1855.77520689581,137.798128421381,5,224,219
"82","1996-10",0.0242161645621808,1306.41683173478,231.309664487393,137,32,-105
"83","1996-11",0.0239880087750058,1347.37588185763,626.073448137706,474,5,-469
"84","1996-12",0.0237320347407181,1848.96724173153,1250.91149142101,557,0,-557
"85","1997-01",0.0234432985011398,2095.10515433216,1484.34565951328,615,0,-615
"86","1997-02",0.0233086516603617,1892.60879994233,1453.05970439673,435,6,-429
"87","1997-03",0.0233247110308978,1376.14360689329,753.430173460565,182,25,-157
"88","1997-04",0.0234892071217349,1272.54791102452,515.502308711762,207,14,-193
"89","1997-05",0.0238055851867863,1249.35240498371,356.765816047931,54,81,27
"90","1997-06",0.0242701393157617,1466.15446796837,203.239636164152,17,258,241
"91","1997-07",0.0248833689669044,2222.6146831071,148.003058844355,0,458,458
"92","1997-08",0.0256409930392001,2213.08738300057,128.337166483956,0,368,368
"93","1997-09",0.0265482250174798,1990.98061599794,134.420522730163,4,248,244
"94","1997-10",0.0276055793244652,1423.60545351509,181.531882400468,154,72,-82
"95","1997-11",0.0288143084699966,1411.9725123993,689.87517671741,468,0,-468
"96","1997-12",0.0301743284165385,1912.2395213949,1331.1982974963,634,0,-634
"97","1998-01",0.031679703959884,2101.77320133501,1568.57961784226,546,3,-543
"98","1998-02",0.0330450301361707,1874.22336833847,1497.63123781152,454,0,-454
"99","1998-03",0.0342652846380841,1616.7157271813,1150.6650781249,411,12,-399
"100","1998-04",0.0353313269936371,1395.84091675701,695.685258776388,126,31,-95
"101","1998-05",0.0362517604811728,1271.90889875169,301.851646198335,7,253,246
"102","1998-06",0.0370256993258102,2099.15362650687,153.486269088985,1,448,447
"103","1998-07",0.0376540323427597,2670.43752306265,130.207242126029,0,533,533
"104","1998-08",0.0381345660314301,2500.81435930622,125.871524350987,0,446,446
"105","1998-09",0.0384737105897993,2198.14479438224,132.84173708815,1,310,309
"106","1998-10",0.0386715213931818,1564.5668797882,162.091739211012,74,80,6
"107","1998-11",0.038730288531497,1288.90091112563,486.400380827875,250,9,-241
"108","1998-12",0.0386522189247196,1506.06153407848,794.068013804864,440,9,-431
"109","1999-01",0.0384290809556798,2328.735493794,1600.1581245131,514,1,-513
"110","1999-02",0.0382389864584317,1568.90284812621,1009.46831996006,448,0,-448
"111","1999-03",0.0380688088122598,1789.63597173014,1230.30680701888,440,0,-440
"112","1999-04",0.0379102168911707,1476.44537313773,625.302067230376,88,99,11
"113","1999-05",0.0377704436969254,1416.30844497236,335.06150687647,29,124,95
"114","1999-06",0.0376483009874101,1777.81723271668,159.489024147944,0,307,307
"115","1999-07",0.0375455868331925,2221.16172750668,137.295553345751,0,489,489
"116","1999-08",0.0374614279739704,2735.82943900412,124.917345627805,0,525,525
"117","1999-09",0.0373992510844449,2180.00412443663,135.362600598545,11,215,204
"118","1999-10",0.037358865170039,1387.2061619347,203.304440044597,132,43,-89
"119","1999-11",0.0373452668457373,1353.50978892081,577.589093057982,249,6,-243
"120","1999-12",0.0373565527943166,1725.74167737285,1044.28251010156,585,0,-585
"121","2000-01",0.0373855837668126,2179.68166632922,1521.47942231591,684,0,-684
"122","2000-02",0.0374164556624742,2225.08766430793,1757.42534537468,469,0,-469
"123","2000-03",0.0374394613342139,1480.07091135863,782.670518508076,249,8,-241
"124","2000-04",0.037447456727367,1323.56913751738,519.824150903361,162,12,-150
"125","2000-05",0.0374567682944317,1533.3816612475,308.256052084198,3,253,250
"126","2000-06",0.0374552093571841,2165.96597397844,155.5078976381,0,396,396
"127","2000-07",0.0374414968279904,2479.88955309063,133.113512526672,0,462,462
"128","2000-08",0.0374241417026716,2340.08252338091,125.092180093241,0,426,426
"129","2000-09",0.0373982700145295,2015.68784796599,142.865770843996,16,228,212
"130","2000-10",0.0373671480073705,1366.94085848162,269.621076012768,118,36,-82
"131","2000-11",0.0373342679150946,1410.55590584065,541.315647167068,427,7,-420
"132","2000-12",0.0372946671313733,2091.81987891166,1608.24897147188,840,0,-840
"133","2001-01",0.0372542601072531,2721.48008736352,2175.58674917759,702,0,-702
"134","2001-02",0.0372238368174803,1925.93413952482,1288.58237156531,410,0,-410
"135","2001-03",0.0371988088182831,1535.36065850287,895.482121730694,416,1,-415
"136","2001-04",0.0371780091870383,1505.31462220766,706.427917812113,129,79,-50
"137","2001-05",0.0371653518646332,1443.53282474598,264.579797826474,5,180,175
"138","2001-06",0.0371557498899191,1857.98021579185,153.754846493553,0,352,352
"139","2001-07",0.037153631475554,2236.60101082748,133.357696986426,0,413,413
"140","2001-08",0.037156122501487,2354.53043668477,126.315854998878,0,456,456
"141","2001-09",0.0371633787180337,2150.56145560561,137.673498783633,25,210,185
"142","2001-10",0.0371913936686772,1418.35199646157,237.838067240565,181,45,-136
"143","2001-11",0.0372201000861658,1397.2932585524,551.683931184445,217,18,-199
"144","2001-12",0.0372585602604838,1497.59307379539,675.162910781602,423,0,-423
"145","2002-01",0.0373071916102731,2317.34548536254,1568.58274315179,587,3,-584
"146","2002-02",0.0373614485658792,1796.29704919423,1224.95883279155,509,4,-505
"147","2002-03",0.0374254478381321,1730.57012832802,1126.00251629086,317,23,-294
"148","2002-04",0.0374905097544883,1440.96670786229,502.419344447746,68,126,58
"149","2002-05",0.0375583286022668,1592.87337191321,219.573097268359,60,161,101
"150","2002-06",0.0376282216159239,1970.91740317346,189.970236888602,0,366,366
"151","2002-07",0.037705694056477,2439.78047149193,141.411344760547,0,521,521
"152","2002-08",0.0377863139437446,2620.59400285293,121.989836959385,0,451,451
"153","2002-09",0.0378700039990746,2273.8557338194,130.826526974137,1,312,311
"154","2002-10",0.0379612060759678,1745.09347459964,160.470891650809,88,123,35
"155","2002-11",0.0380613143438681,1478.49738839856,534.689862660567,413,6,-407
"156","2002-12",0.038174009054419,2089.32761532376,1391.97904129375,663,0,-663
"157","2003-01",0.0382923238126613,2395.14281862361,1683.67915900335,737,0,-737
"158","2003-02",0.0384081771207346,2318.58367891968,1698.23810841829,538,0,-538
"159","2003-03",0.0385119461964861,1744.93428417406,1098.0759963878,270,4,-266
"160","2003-04",0.0385992554376363,1325.90168905877,586.82634495171,151,23,-128
"161","2003-05",0.0386705497095229,1498.65744769525,304.909354098077,12,165,153
"162","2003-06",0.0387077312954988,1797.82625185989,165.640987656223,0,323,323
"163","2003-07",0.0387269638001409,2439.89100780872,139.508012672178,0,428,428
"164","2003-08",0.038733617248738,2394.4004777115,129.387767062564,0,449,449
"165","2003-09",0.0387303291054165,2154.81837930603,129.743133413896,8,229,221
"166","2003-10",0.0387146493185672,1463.54084086948,192.406716852993,98,33,-65
"167","2003-11",0.0386885522190668,1292.1477248087,358.290841539425,239,35,-204
"168","2003-12",0.0386565276031245,2116.19768227695,1155.09833206984,700,0,-700
"169","2004-01",0.0386140447642051,2485.02399704234,1694.55692287837,706,1,-705
"170","2004-02",0.0385872382666047,2279.37564065249,1811.63733609278,628,0,-628
"171","2004-03",0.0385699867335092,1881.82835073301,1145.26729086406,270,12,-258
"172","2004-04",0.0385546679446112,1400.19952110902,596.599576820805,146,61,-85
"173","2004-05",0.0385463634971646,1714.46827996272,237.526407492957,16,297,281
"174","2004-06",0.0385526429901418,2281.40251381165,143.707318803633,0,401,401
"175","2004-07",0.0385675632772213,2608.59270436662,129.09132034949,0,470,470
"176","2004-08",0.0385898989199812,2331.08980162516,123.526502678578,0,370,370
"177","2004-09",0.0386231467202324,1923.76066733292,132.661177903509,2,237,235
"178","2004-10",0.0386648118140672,1508.58203637967,153.606516318037,57,79,22
"179","2004-11",0.0387238370320969,1416.90180402798,380.437341511104,309,27,-282
"180","2004-12",0.0387961856837627,2089.30595286203,1039.91409169478,720,1,-719
"181","2005-01",0.0388789314729214,2357.84764409553,1468.62595762342,574,0,-574
"182","2005-02",0.0389655390689564,2057.35250765686,1365.67695152648,505,0,-505
"183","2005-03",0.0390386897852856,1872.65419870963,1078.59384834135,431,1,-430
"184","2005-04",0.0390949298064314,1423.0455883285,557.774453662059,165,18,-147
"185","2005-05",0.0391391143067498,1503.89961193535,272.014064193102,41,111,70
"186","2005-06",0.0391778745183366,2035.3609477198,148.089945759136,3,331,328
"187","2005-07",0.0392044101565804,2601.71993166324,126.969301961854,0,503,503
"188","2005-08",0.0392225944236557,2622.01040421786,113.02926826406,0,468,468
"189","2005-09",0.0392302573878228,2333.77499618204,130.886916789337,0,353,353
"190","2005-10",0.0392302016800808,1794.28394148689,209.313527416003,124,110,-14
"191","2005-11",0.0392329347588341,1513.08238034417,536.553398907611,318,10,-308
"192","2005-12",0.0392203520603084,2139.02053453116,1279.08104362347,688,0,-688
"193","2006-01",0.0392039304604954,2138.24876641001,1207.94945681738,482,0,-482
"194","2006-02",0.0391927520536645,1825.79762619925,1163.76207835353,538,0,-538
"195","2006-03",0.0391929555931156,1741.62287724104,831.551991960608,366,12,-354
"196","2006-04",0.0391953466685564,1520.03186141593,421.231974277339,81,85,4
"197","2006-05",0.0392052716031739,1596.46109889893,169.522552458532,41,149,108
"198","2006-06",0.039216210818042,2188.28570762979,137.434554460899,0,330,330
"199","2006-07",0.0392310328749377,2686.84929795024,122.446080794554,0,472,472
"200","2006-08",0.039254063069273,2743.22448947407,105.273020701914,0,475,475
"201","2006-09",0.0392783827921123,2140.39733725746,134.713804737386,8,204,196
"202","2006-10",0.0393135550316702,1546.51427666629,238.150225761334,174,45,-129
"203","2006-11",0.0393576860169618,1586.11881411831,672.116402017814,346,0,-346
"204","2006-12",0.0394030992986083,1961.36881586584,1040.16888958948,459,3,-456
"205","2007-01",0.0394599888519415,2088.02732470409,1176.86889220668,544,0,-544
"206","2007-02",0.0395132497398709,2167.56534835796,1398.03983042737,590,0,-590
"207","2007-03",0.0395602472539265,1733.62940312854,775.409382088225,244,15,-229
"208","2007-04",0.0395933621754863,1462.99439653897,452.769212286887,183,44,-139
"209","2007-05",0.0396192461039368,1637.14238058761,236.133652994337,17,135,118
"210","2007-06",0.0396325733963839,2136.27925608335,136.05154571705,0,357,357
"211","2007-07",0.039633484213703,2507.71177693663,126.74892153278,0,403,403
"212","2007-08",0.0396250270043881,2770.92173495452,105.726390563445,0,570,570
"213","2007-09",0.0396078759474011,2379.66865101783,117.268039747292,0,304,304
"214","2007-10",0.0395857144654524,1711.77883008796,141.217507510919,61,137,76
"215","2007-11",0.0395542027597636,1574.48237136772,588.25172052411,370,1,-369
"216","2007-12",0.0395171707518897,1889.85606155617,929.537281401382,423,0,-423
"217","2008-01",0.0394765192074242,2331.88381845099,1395.55300373837,679,0,-679
"218","2008-02",0.0394173207996442,1975.20001497812,1059.58328687294,462,1,-461
"219","2008-03",0.0393368366431598,1668.73918607892,742.510395902951,341,0,-341
"220","2008-04",0.0392401819377309,1442.32433274415,375.87310548458,135,28,-107
"221","2008-05",0.039116921826255,1577.72722757555,171.149630485888,11,146,135
"222","2008-06",0.0389746561190532,2303.37119013477,107.769179630422,0,440,440
"223","2008-07",0.0388096540891287,2576.84115449123,115.338970421604,0,453,453
"224","2008-08",0.0386220376297477,2539.24196393022,113.269116309765,0,427,427
"225","2008-09",0.0384159537836655,2081.13618771464,127.549155800426,4,253,249
"226","2008-10",0.0381922508540702,1533.0580319165,253.63102062359,178,46,-132
"227","2008-11",0.0379504043694985,1606.21416441512,918.395629790396,461,2,-459
"228","2008-12",0.0376938953912271,2128.74487930575,1156.7815676247,450,2,-448
"229","2009-01",0.0374149622207129,2269.77984201058,1385.46802085239,672,0,-672
"230","2009-02",0.037169555841968,2028.27440344725,1186.65316958567,530,0,-530
"231","2009-03",0.0369515971234687,1807.54830503907,779.831257510472,369,7,-362
"232","2009-04",0.0367649896599673,1377.5018680024,370.111612397012,145,30,-115
"233","2009-05",0.036604757986025,1603.16570286383,167.450264430073,21,197,176
"234","2009-06",0.0364720426383627,2126.0359488231,110.788201224245,0,410,410
"235","2009-07",0.0363666146156166,2617.96968849513,108.502401605812,0,411,411
"236","2009-08",0.0362893668413423,2480.91734173289,104.785416447936,0,443,443
"237","2009-09",0.0362369956306637,1983.84827325002,113.632101543957,5,253,248
"238","2009-10",0.0362150869419883,1530.51152997056,244.41760330802,144,44,-100
"239","2009-11",0.0362235717918085,1422.4935625599,580.938558492172,308,0,-308
"240","2009-12",0.0362672102413327,2081.99809644517,1313.73085340684,638,0,-638
"241","2010-01",0.036336245668968,2815.59352352438,1774.05047660748,777,0,-777
"242","2010-02",0.0364058189155297,2261.52433316656,1439.01519046555,686,0,-686
"243","2010-03",0.0364768236240437,2018.83949875263,925.490180769311,416,0,-416
"244","2010-04",0.0365465248239672,1358.69306417392,269.610624438069,74,44,-30
"245","2010-05",0.0366155352899567,1599.24995066604,124.918087145136,9,252,243
"246","2010-06",0.0366844555086119,2346.6868326859,114.015749823702,0,487,487
"247","2010-07",0.0367494809463277,2801.89644843531,112.494141026711,0,525,525
"248","2010-08",0.036811113933558,2702.47216546683,99.0641434174582,0,501,501
"249","2010-09",0.0368697831162544,2237.2357532978,116.243168726116,1,332,331
"250","2010-10",0.0369278435889421,1527.79610428333,175.385021615496,90,56,-34
"251","2010-11",0.0369916200024419,1439.47245103299,643.810246455738,351,0,-351
"252","2010-12",0.0370563005475679,2406.39437094245,1808.32844916111,846,0,-846
"253","2011-01",0.0371176602674333,2785.09409881731,1848.8946977698,786,0,-786
"254","2011-02",0.0371761913526351,1986.28717431141,1001.51476326478,424,2,-422
"255","2011-03",0.0372287555089862,1490.03246233381,654.168397391947,327,10,-317
"256","2011-04",0.0372666961400149,1419.41385330807,298.081642563493,89,84,-5
"257","2011-05",0.0372965655814292,1612.75553236155,160.71300611186,34,217,183
"258","2011-06",0.0373189914346284,2371.89609912873,97.6338435591258,0,461,461
"259","2011-07",0.0373268760391112,2712.07693608841,106.622894322942,0,542,542
"260","2011-08",0.0373259312672996,2650.78841424091,106.075622336416,0,497,497
"261","2011-09",0.0373124966708395,2041.7593966386,111.310047087043,6,267,261
"262","2011-10",0.0372942666153702,1398.72974207743,252.774392207408,157,20,-137
"263","2011-11",0.0372709590986535,1456.87460577681,665.084979414911,317,5,-312
"264","2011-12",0.0372389973499446,1808.12480832626,936.942775839033,464,2,-462
"265","2012-01",0.0371975489662557,2067.17638453284,1175.63733311521,527,0,-527
"266","2012-02",0.0371719179448317,1648.70339732027,905.316122786815,436,3,-433
"267","2012-03",0.0371485721707982,1461.03074456343,404.395581553266,130,55,-75
"268","2012-04",0.0371341126860785,1283.83684029714,192.69616967489,107,72,-35
"269","2012-05",0.0371283360831902,1647.74763971943,150.397771033909,4,241,237
"270","2012-06",0.0371262447448628,1957.49333001146,111.377081582058,0,295,295
"271","2012-07",0.0371302169767359,2573.37217818414,99.0920612670265,0,534,534
"272","2012-08",0.0371382613657447,2354.09002678255,114.844055497475,0,394,394
"273","2012-09",0.0371512166471268,1875.78912335516,106.006692716212,2,246,244
"274","2012-10",0.0371745163397474,1417.47580844443,229.236480998083,112,66,-46
"275","2012-11",0.0372081064433678,1532.53989331097,825.009632138117,437,0,-437
"276","2012-12",0.0372521466356116,1820.02878561368,939.509479239086,435,0,-435
"277","2013-01",0.0373057491061986,2039.64606006567,1144.25289815541,485,5,-480
"278","2013-02",0.0373633874349382,1784.48037159424,1192.32648274838,539,0,-539
"279","2013-03",0.0374162555504834,1850.08008656604,1085.34744593417,521,0,-521
"280","2013-04",0.0374637717982152,1427.73214560316,362.048332209171,133,40,-93
"281","2013-05",0.0375121476462083,1371.46448420718,187.973103410657,44,130,86
"282","2013-06",0.0375497118966753,1948.14294015966,113.271446442976,0,365,365
"283","2013-07",0.0375871290862861,2284.52411389681,100.190430630601,0,422,422
"284","2013-08",0.0376190221571487,2227.83359159216,110.780631127202,0,383,383
"285","2013-09",0.0376452722424416,1917.73741663431,107.247871778356,2,251,249
"286","2013-10",0.0376707045862232,1426.88583243636,184.978942156804,102,70,-32
"287","2013-11",0.0376946447447208,1482.76527178667,827.737954247458,422,6,-416
"288","2013-12",0.0377228562797462,2003.27988170456,1110.06078369565,483,8,-475
"289","2014-01",0.0377476796335811,2540.03111550054,1831.85013997695,797,0,-797
"290","2014-02",0.0377803173938453,2141.31935010533,1129.13800710946,487,1,-486
"291","2014-03",0.0378188928829685,1790.5032094795,1013.38137134357,468,0,-468
"292","2014-04",0.0378599648987919,1351.93696840653,356.494724839061,105,47,-58
"293","2014-05",0.037902443899491,1560.82243446231,152.364402353633,21,225,204
"294","2014-06",0.0379481896517342,2042.10548288051,106.268076618244,0,400,400
"295","2014-07",0.0379974653186315,2353.73980798348,101.875437401675,0,430,430
"296","2014-08",0.0380441214034173,2207.02297448589,106.906768057877,0,410,410
"297","2014-09",0.0380955442576533,1980.29869094926,109.906284509769,6,275,269
"298","2014-10",0.0381517223032045,1410.41052220215,187.267422940824,89,78,-11
"299","2014-11",0.0382143691398876,1526.17291735318,944.996867470854,485,0,-485
"300","2014-12",0.0382852883629569,2019.17931104573,1143.88836894149,499,0,-499
"301","2015-01",0.0383614830764941,2295.67591214432,1603.03702378,663,0,-663
"302","2015-02",0.0384403987903148,2089.03845424554,1632.92666742102,681,0,-681
"303","2015-03",0.0385124684914148,1850.76082853676,734.870503123057,275,7,-268
"304","2015-04",0.03857776783546,1198.85577889165,245.652194549431,77,62,-15
"305","2015-05",0.0386377359444905,1493.67373361289,158.249747749296,10,215,205
"306","2015-06",0.0386927855761543,2115.16588388066,114.111790595771,0,450,450
"307","2015-07",0.0387407880227803,2546.96982110399,115.30390877061,0,519,519
"308","2015-08",0.038781947633045,2355.73115441345,117.592505059804,0,441,441
"309","2015-09",0.0388189039802713,1844.14450655403,125.846869122013,2,278,276
"310","2015-10",0.0388505400530212,1390.68171841939,236.345251195504,92,32,-60
"311","2015-11",0.0388843648433677,1304.37714966403,542.974355494523,239,17,-222
"312","2015-12",0.0389116043780531,1640.13614041002,689.526968269953,243,34,-209
"313","2016-01",0.0389433700383393,2160.50476518331,1511.55755580602,691,0,-691
"314","2016-02",0.0389789995204177,1952.08690487981,1250.5736706146,518,0,-518
"315","2016-03",0.0390157170900954,1472.86621609322,501.389385340036,202,31,-171
"316","2016-04",0.0390540323125127,1224.87147492366,294.544192190131,123,58,-65
"317","2016-05",0.0390939702881186,1495.03855651231,157.632994058505,24,173,149
"318","2016-06",0.039136300943044,2106.91335181814,109.277215712227,0,431,431
"319","2016-07",0.0391781357465693,2626.580318962,97.7701159982151,0,573,573
"320","2016-08",0.0392224065457751,2515.78536534295,105.731628541782,0,529,529
"321","2016-09",0.0392691282738539,1998.83598239667,109.525685342784,0,392,392
"322","2016-10",0.0393171563190211,1458.17717428763,159.062241183459,39,131,92
"323","2016-11",0.0393731819698959,1402.94607539273,570.204716889362,300,10,-290
"324","2016-12",0.0394347017914544,1808.17329610037,1170.43008235114,517,0,-517
"325","2017-01",0.0394972356282678,1893.76397859938,1037.68309057121,438,1,-437
"326","2017-02",0.0395596333163588,1386.94348811689,632.561726587134,291,0,-291
"327","2017-03",0.0396126023943079,1483.44421365651,707.593817578238,337,19,-318
"328","2017-04",0.0396571396414395,1320.79675618284,254.842095693428,56,103,47
"329","2017-05",0.0396913017802121,1581.58604387103,142.115279242582,19,205,186
"330","2017-06",0.0397168144327584,1955.85602368974,113.670376315342,0,344,344
"331","2017-07",0.039731592480564,2398.43228238668,120.681827503829,0,489,489
"332","2017-08",0.0397369825819756,2277.00679924687,103.954294025391,0,430,430
"333","2017-09",0.0397347754656592,1788.49572620685,116.566584110788,3,268,265
"334","2017-10",0.0397250924452293,1554.82141565681,179.747069256498,106,123,17
"335","2017-11",0.039711502116194,1458.14533828781,640.121924661435,347,6,-341
"336","2017-12",0.0396930643183844,1853.42652026304,1256.36015598999,557,0,-557
