"","Date","Real GDP per capita (millions of chained 2012 dollars per person)","Electricity Sale to Residential Consumers per capita (MJ/person)","Natural Gas Deliveries to Residential Consumers per capita (MJ/person)","HDD","CDD","DD"
"1","1990-01",0.0258599355222501,1661.8906116143,2731.06222714969,367,12,-355
"2","1990-02",0.0258254246759532,1115.91203548399,1732.64965190423,262,12,-250
"3","1990-03",0.0257912809873421,1023.3135943516,1475.871851023,210,45,-165
"4","1990-04",0.0257375693714716,995.304560796636,976.899627477521,69,112,43
"5","1990-05",0.0256964832578062,1116.76473037397,690.525328383828,18,318,300
"6","1990-06",0.0256550384706309,1747.59729914015,544.87931285192,0,563,563
"7","1990-07",0.0256181229828743,2114.74739411948,486.799756870744,0,509,509
"8","1990-08",0.0255826248161478,1863.25923839362,479.511576150652,0,556,556
"9","1990-09",0.0255507172176416,2050.69988537016,476.769291141204,1,413,412
"10","1990-10",0.0255246316317522,1489.35765527635,648.476108137436,83,146,63
"11","1990-11",0.025517314679876,1058.72373289427,1056.31236939267,164,59,-105
"12","1990-12",0.0255164286261682,1190.69341075406,2117.548633328,513,12,-501
"13","1991-01",0.0255246028669805,1675.4034396306,2999.07180855075,596,0,-596
"14","1991-02",0.0255319251637258,1264.95796108928,1967.11430024957,300,4,-296
"15","1991-03",0.0255488663387684,1026.07088540143,1427.38378050647,158,57,-101
"16","1991-04",0.0255630917923194,996.431711144652,841.126341698119,26,161,135
"17","1991-05",0.0255713411817363,1171.13232708001,566.167177944683,5,336,331
"18","1991-06",0.0255729990242878,1680.17577606462,518.74314560826,0,462,462
"19","1991-07",0.0256015336529133,2007.80688482472,490.700970701931,0,542,542
"20","1991-08",0.0256305178781418,2011.69476011012,463.935683195591,0,522,522
"21","1991-09",0.025663905278112,1883.51366403326,483.532822528698,12,310,298
"22","1991-10",0.0257066623230959,1280.73078086719,633.118114964584,43,186,143
"23","1991-11",0.0257621326917269,1227.99319837957,1477.66026058044,361,21,-340
"24","1991-12",0.025832621069649,1228.06502557323,2035.66915506274,398,15,-383
"25","1992-01",0.0259098526364502,1389.79099711114,2461.14197667065,527,0,-527
"26","1992-02",0.0259843457261292,1270.520561212,2041.78912031327,281,5,-276
"27","1992-03",0.0260496101670944,1015.55783082018,1313.82897600029,156,31,-125
"28","1992-04",0.0261016259955937,987.357372240499,921.270605424293,67,98,31
"29","1992-05",0.0261476715313067,1117.1428229615,634.831150759723,14,205,191
"30","1992-06",0.0261856252339962,1399.49621242884,539.609145765807,0,428,428
"31","1992-07",0.0262182283957284,1974.63281785375,498.343837998508,0,539,539
"32","1992-08",0.026238574214788,1949.98202532316,462.66046025497,0,449,449
"33","1992-09",0.0262580829289238,1798.6897808309,473.829623369241,1,387,386
"34","1992-10",0.0262739773345768,1415.60581013014,523.844777911785,15,153,138
"35","1992-11",0.0262906615563222,1096.5948720993,1170.05626100572,330,21,-309
"36","1992-12",0.0263074889682638,1289.70786739978,2155.59940192255,408,8,-400
"37","1993-01",0.026319001433158,1395.04220611566,2531.42062502407,524,0,-524
"38","1993-02",0.0263449639960259,1230.7842616942,2100.7595492635,371,2,-369
"39","1993-03",0.0263802689553719,1123.18815499824,1661.92402689822,249,25,-224
"40","1993-04",0.0264182780091272,1056.05496066369,1056.78139641829,101,69,-32
"41","1993-05",0.0264635295513575,1030.73659969357,650.213835577498,7,206,199
"42","1993-06",0.026513570841745,1424.27647138959,513.018214579753,0,444,444
"43","1993-07",0.0265700801707283,1953.95275858469,470.035255305537,0,588,588
"44","1993-08",0.0266307181306439,2249.21014081703,447.619159639825,0,606,606
"45","1993-09",0.0267020206805678,2133.98018162994,435.937873958195,3,381,378
"46","1993-10",0.0267825133375653,1586.17049789492,689.947633138101,112,169,57
"47","1993-11",0.026878780946762,1128.3012212803,1443.56757329688,366,16,-350
"48","1993-12",0.0269862974471918,1220.10480305404,1975.90746980964,422,10,-412
"49","1994-01",0.0271026159536954,1389.23947806138,2539.18318836571,503,4,-499
"50","1994-02",0.0272202686520462,1312.05981691819,2206.3576383535,407,11,-396
"51","1994-03",0.0273248020534616,1185.55595334319,1517.28083731081,204,46,-158
"52","1994-04",0.0274101480111414,1046.20442575473,907.364417068219,71,122,51
"53","1994-05",0.0274954630764635,1115.77360338203,602.097337674146,20,250,230
"54","1994-06",0.0275667632714134,1562.91501222447,491.819746262243,0,513,513
"55","1994-07",0.0276284498851982,2133.25883868525,443.248540911271,0,572,572
"56","1994-08",0.0276808510889568,2086.48795631642,423.121515238569,0,524,524
"57","1994-09",0.0277244059650873,1994.06070429143,441.538374949799,6,327,321
"58","1994-10",0.0277626267450911,1483.02628731787,543.001462359134,60,177,117
"59","1994-11",0.0277992349127091,1141.04386026717,924.543187849813,167,63,-104
"60","1994-12",0.0278311669088534,1172.48011817014,1598.94549786327,391,14,-377
"61","1995-01",0.0278569887256656,1401.72160928897,2212.91194064974,465,6,-459
"62","1995-02",0.0279037509517747,1191.76778172002,1754.84630118763,295,5,-290
"63","1995-03",0.0279692259871938,1172.3259436111,1546.0938068266,257,51,-206
"64","1995-04",0.0280447285881348,1051.56529649012,871.14836919689,79,92,13
"65","1995-05",0.0281421255409389,1178.00083250589,578.743944671583,6,292,286
"66","1995-06",0.0282510847444942,1654.11136206424,465.185069046903,0,394,394
"67","1995-07",0.0283744988906546,1964.55926303575,437.543089716259,0,571,571
"68","1995-08",0.0285153667165307,2238.58843199077,388.284422179013,0,568,568
"69","1995-09",0.0286692516191554,2199.5020515633,426.338686101883,14,393,379
"70","1995-10",0.0288414334135279,1552.17431346678,511.046753385543,32,131,99
"71","1995-11",0.0290413016418186,1104.11442168029,1031.95554611348,234,15,-219
"72","1995-12",0.0292656815017497,1175.51376354124,1768.44363436029,444,25,-419
"73","1996-01",0.029512089788204,1577.81866003218,2659.70546931798,536,3,-533
"74","1996-02",0.0297059891521407,1430.6677401725,2055.62535013711,350,44,-306
"75","1996-03",0.0298435560343878,1210.86961425321,1619.34052567903,349,23,-326
"76","1996-04",0.0299231833521131,1132.6087900719,1094.93619517232,94,112,18
"77","1996-05",0.0299524832267336,1253.76344840251,547.438600864109,1,433,432
"78","1996-06",0.0299254682974891,1914.62880684508,446.407600979473,0,491,491
"79","1996-07",0.0298461603534007,2274.26715547613,411.338492673965,0,608,608
"80","1996-08",0.0297097929460977,2270.84137638879,371.804983683917,0,521,521
"81","1996-09",0.0295228595016301,1921.13733165246,425.737665272883,11,344,333
"82","1996-10",0.0292885258592042,1496.14644808737,537.540776779111,44,146,102
"83","1996-11",0.0290045211159458,1122.85633499881,1007.35815130221,236,45,-191
"84","1996-12",0.0286819067276564,1268.43233758711,1919.80568166671,392,15,-377
"85","1997-01",0.0283120687327062,1595.01282823773,2684.02152291001,564,13,-551
"86","1997-02",0.0281610241363571,1427.92416222513,2081.39409455398,379,6,-373
"87","1997-03",0.0282229058926588,1155.72872973036,1422.47815462299,151,39,-112
"88","1997-04",0.028493730265154,1037.68616292699,878.040436832816,138,43,-95
"89","1997-05",0.028979407019443,1060.67594217704,651.396161244277,9,226,217
"90","1997-06",0.0296733764701254,1500.72973003223,473.970247382602,0,417,417
"91","1997-07",0.0305763615008855,2056.34103667977,425.418402108271,0,581,581
"92","1997-08",0.0316806340612077,2278.50423274675,379.267055164404,0,565,565
"93","1997-09",0.0329951842242234,2206.01975863492,398.042602407887,0,441,441
"94","1997-10",0.0345208027681839,1975.46736570829,510.46645728915,76,175,99
"95","1997-11",0.036259644987329,1177.84364818718,1197.3849993798,328,15,-313
"96","1997-12",0.0382115168293375,1321.78133595142,2074.10730898096,532,0,-532
"97","1998-01",0.0403655880808433,1496.25636933671,2265.89235387341,377,9,-368
"98","1998-02",0.0423140511163127,1230.92061549425,1872.7522186644,326,3,-323
"99","1998-03",0.0440479420343837,1171.47740269182,1536.42001748614,288,45,-243
"100","1998-04",0.0455505391352691,1102.171207719,847.114204976661,75,69,-6
"101","1998-05",0.0468376608839751,1241.32970883536,500.512083927473,0,400,400
"102","1998-06",0.0479077623220721,2028.24663539908,334.69017450161,0,587,587
"103","1998-07",0.0487625695399119,2617.2514293543,331.712874530932,0,691,691
"104","1998-08",0.0493981373529098,2545.67628246656,316.769619378971,0,595,595
"105","1998-09",0.0498263986860931,2304.18798378863,322.963579660299,0,490,490
"106","1998-10",0.0500475639833244,1923.83647321265,400.987990997464,28,207,179
"107","1998-11",0.0500659480051811,1271.88976765582,707.629826137789,162,40,-122
"108","1998-12",0.049885680324753,1225.43762185089,1548.32334410696,463,29,-434
"109","1999-01",0.0494917324388939,1676.33941950524,2289.01401820619,394,10,-384
"110","1999-02",0.049155095915213,1192.63285686807,1301.88090035811,211,30,-181
"111","1999-03",0.0488517302739235,1099.50177768713,1090.31814791983,200,29,-171
"112","1999-04",0.0485665136915998,1134.10006407618,841.382777735718,45,175,130
"113","1999-05",0.0483127038425708,1356.10124933753,476.147338066441,3,295,292
"114","1999-06",0.0480881826299945,1841.39906303567,383.961062562324,0,463,463
"115","1999-07",0.0478962419279814,2159.561505813,340.342586698196,0,550,550
"116","1999-08",0.0477353165181242,2440.72992503174,300.447801824216,0,646,646
"117","1999-09",0.0476115930406316,2465.02667155201,329.195581140592,6,386,380
"118","1999-10",0.0475246980438384,1729.82040590994,382.190048274438,56,154,98
"119","1999-11",0.0474835768862922,1216.94818881097,596.198464303617,134,36,-98
"120","1999-12",0.04748474210665,1183.8198094233,1205.3203789052,426,8,-418
"121","2000-01",0.0475153343844546,1451.39745564023,1781.84547403919,381,15,-366
"122","2000-02",0.0475589663136915,1353.14217872812,1653.19332034954,218,36,-182
"123","2000-03",0.0475981098575011,1130.078016181,919.600940964469,130,85,-45
"124","2000-04",0.047619892308369,1116.62098025215,760.053941257879,62,119,57
"125","2000-05",0.0476534781896774,1355.91446041691,441.233205396686,1,380,379
"126","2000-06",0.047677002134684,1902.11580179771,368.18004367009,0,448,448
"127","2000-07",0.0476881435826766,2267.27310230624,320.750212203514,0,610,610
"128","2000-08",0.0477021134024651,2490.40262008212,292.508831178148,0,630,630
"129","2000-09",0.0477101969614571,2461.50126734084,297.893601096162,11,441,430
"130","2000-10",0.0477182576367522,1723.12683123632,426.353978400962,68,210,142
"131","2000-11",0.0477325871584297,1301.84771495462,809.25193324386,358,32,-326
"132","2000-12",0.0477443719847913,1510.95395747006,1973.1886536292,646,0,-646
"133","2001-01",0.0477642923138596,1940.59419372507,2558.84150151246,596,0,-596
"134","2001-02",0.0477912152563902,1484.71940583934,1869.66182450855,317,19,-298
"135","2001-03",0.0478168776033243,1236.03322776542,1227.92294775822,327,2,-325
"136","2001-04",0.0478391483003363,1191.00077685493,745.696626511984,32,162,130
"137","2001-05",0.0478650287996168,1326.44999688066,406.409910179781,2,316,314
"138","2001-06",0.0478853715200783,1805.79831508213,331.761046558095,0,473,473
"139","2001-07",0.0479081235682883,2215.70347811463,275.502121155422,0,625,625
"140","2001-08",0.0479281307427296,2489.24611084859,370.893755517561,0,589,589
"141","2001-09",0.047945691388614,2172.24062562006,264.870172273046,5,334,329
"142","2001-10",0.0479895055268005,1502.28453389714,401.034102498414,57,112,55
"143","2001-11",0.048023601562917,1131.00452249079,651.129584702521,163,51,-112
"144","2001-12",0.048064257602729,1307.35870330187,1500.63959557152,414,12,-402
"145","2002-01",0.0481122459954695,1709.81632541056,1989.17541187188,454,14,-440
"146","2002-02",0.0481447368475405,1474.61776022814,1897.50492224181,454,1,-453
"147","2002-03",0.0481691676236838,1300.40532016609,1465.26575357366,281,44,-237
"148","2002-04",0.0481701414531884,1240.56004360605,723.27941999491,37,204,167
"149","2002-05",0.0481508093342834,1465.05321325761,330.111512896552,6,298,292
"150","2002-06",0.048110098868343,2046.76378947913,299.77692808911,0,452,452
"151","2002-07",0.0480578650648357,2277.16700100578,295.311645089028,0,526,526
"152","2002-08",0.0479863813316706,2335.95283180445,281.230915321376,0,573,573
"153","2002-09",0.0478956549918012,2063.82338002845,283.536361531014,0,387,387
"154","2002-10",0.0477935513733728,1586.91422200751,436.015684803956,75,154,79
"155","2002-11",0.0476825063761844,1295.27697676843,885.439562740227,304,11,-293
"156","2002-12",0.0475688119912025,1336.77238935382,1612.42068340511,457,4,-453
"157","2003-01",0.0474404171363152,1631.85455477879,2237.49051607239,556,1,-555
"158","2003-02",0.0473643766601405,1506.00233985818,2006.05177126056,427,5,-422
"159","2003-03",0.0473240510616342,1306.69152396257,1396.63167424938,228,16,-212
"160","2003-04",0.0473119532819776,1203.43330645449,539.935577297655,50,134,84
"161","2003-05",0.0473287741340819,1626.64059798116,394.665279121295,2,381,379
"162","2003-06",0.0473439724052951,1939.5546846038,297.408365584414,0,445,445
"163","2003-07",0.0473846039901707,2263.04743506156,289.503352259035,0,551,551
"164","2003-08",0.0474594448015137,2382.87018387411,272.561007347241,0,584,584
"165","2003-09",0.0475726822085583,1933.27253324666,283.663164040763,1,308,307
"166","2003-10",0.0477199543559134,1365.57153164864,347.622712037237,28,161,133
"167","2003-11",0.0479043795957974,1220.25635467907,670.16913158943,198,79,-119
"168","2003-12",0.0481334497060045,1426.3888741154,1437.22977693288,436,2,-434
"169","2004-01",0.0483993671437199,1551.45079870003,1845.24716054045,429,8,-421
"170","2004-02",0.0486465700994727,1486.20030956676,1888.14691673478,450,1,-449
"171","2004-03",0.0488647072801682,1259.98227315935,974.753373679458,104,59,-45
"172","2004-04",0.0490405945161556,1168.81774094731,546.091854466885,61,102,41
"173","2004-05",0.0491831267825039,1395.17542275011,407.412184358329,13,302,289
"174","2004-06",0.0493057091708645,1905.37622586885,313.012661601657,0,429,429
"175","2004-07",0.0493981190728076,2168.28513851827,294.467009657955,0,522,522
"176","2004-08",0.0494583629243299,2162.72215776438,270.732207566512,0,486,486
"177","2004-09",0.049492752247801,1950.06674507424,283.88234269704,0,371,371
"178","2004-10",0.0494970861820621,1538.97249314864,319.297910356015,9,256,247
"179","2004-11",0.0494871989184752,1275.87430557101,705.50197247072,205,27,-178
"180","2004-12",0.0494561185204883,1456.34083229149,1423.89972640248,584,1,-583
"181","2005-01",0.0493988429059658,1524.95498263227,1910.52536511158,408,20,-388
"182","2005-02",0.0493878956870304,1384.92370734427,1534.07319245231,326,14,-312
"183","2005-03",0.0493930931360109,1234.35034537691,1100.56868939803,233,22,-211
"184","2005-04",0.049408434999568,1184.18917195763,606.091835017636,61,84,23
"185","2005-05",0.0494422275531578,1332.67920848118,382.925715629536,25,267,242
"186","2005-06",0.0495057565834722,1998.32554116056,308.085867452295,0,496,496
"187","2005-07",0.0495870940362639,2364.25107488935,285.532623512654,0,572,572
"188","2005-08",0.0496927068234722,2300.37243766587,262.564932093002,0,568,568
"189","2005-09",0.0498185987760231,2290.91662836393,278.21622363513,0,504,504
"190","2005-10",0.0499693482586916,1698.54713836426,316.86200426426,71,178,107
"191","2005-11",0.0501629765577252,1210.55264085567,508.80792193486,194,82,-112
"192","2005-12",0.0503677522360657,1450.31704230099,1322.52670339007,503,3,-500
"193","2006-01",0.0506033780051696,1489.66749952987,1430.3631969314,294,4,-290
"194","2006-02",0.0508327994041635,1278.58975834004,1213.97553596179,374,6,-368
"195","2006-03",0.0510670014247331,1290.80247345431,1117.85268353945,150,85,-65
"196","2006-04",0.0512898772217371,1313.55965384342,547.186800261568,14,220,206
"197","2006-05",0.0515110128137019,1551.44402604285,325.269547524891,1,329,328
"198","2006-06",0.0517188838269035,1981.60548815486,292.895452147932,0,466,466
"199","2006-07",0.0519186750113996,2253.99343165532,258.150688796107,0,562,562
"200","2006-08",0.0521182665057154,2347.91653473261,248.823742942051,0,619,619
"201","2006-09",0.0523053107571365,2033.63798052025,246.10721406078,0,343,343
"202","2006-10",0.0524971816994523,1456.45106365352,296.147906990724,56,174,118
"203","2006-11",0.052690622846632,1147.24148401044,537.819183276494,198,46,-152
"204","2006-12",0.05287180711761,1389.5027262001,1211.525821312,421,12,-409
"205","2007-01",0.0530593823115611,1629.7348667449,1904.37977082647,606,3,-603
"206","2007-02",0.0532287719012464,1556.84553635467,2008.05099759376,391,4,-387
"207","2007-03",0.0533752385007963,1261.6601091397,1144.10852026864,115,76,-39
"208","2007-04",0.0534848641125308,1140.91147023645,578.363599138281,124,74,-50
"209","2007-05",0.053569860506063,1347.54352946708,438.445333211136,3,257,254
"210","2007-06",0.0536204951343824,1688.00303127459,355.183546837719,0,429,429
"211","2007-07",0.0536370611674227,1963.57943219438,284.953505947765,0,460,460
"212","2007-08",0.0536252110164244,2140.23748520774,265.762591320993,0,559,559
"213","2007-09",0.0535862447392796,2003.11438535442,242.464825418667,0,413,413
"214","2007-10",0.0535269875915,1598.75254933475,295.178731382994,55,210,155
"215","2007-11",0.0534395308477093,1193.87349688505,440.306551417048,201,60,-141
"216","2007-12",0.053330959111565,1339.4637454794,1149.85330947853,398,25,-373
"217","2008-01",0.053204794348607,1654.81275046203,1918.4897960917,522,11,-511
"218","2008-02",0.0530813039824795,1429.86847809455,1457.63669881528,297,15,-282
"219","2008-03",0.0529553460350712,1258.15715151128,1016.9699893279,192,53,-139
"220","2008-04",0.0528361509082329,1184.92987553463,510.482895952066,63,121,58
"221","2008-05",0.0527045505088152,1397.00517537587,355.057592487113,6,333,327
"222","2008-06",0.0525743366913228,1990.89904507491,272.648554684113,0,544,544
"223","2008-07",0.0524386007772581,2179.61893103141,250.339202957293,0,558,558
"224","2008-08",0.0522974744874043,2212.22604794665,238.22426017543,0,528,528
"225","2008-09",0.052158489344881,1768.13940456125,246.85419003058,0,307,307
"226","2008-10",0.0520231737800762,1328.43462264955,330.207744378583,58,121,63
"227","2008-11",0.0518905577538244,1149.73274068782,597.963406729748,207,28,-179
"228","2008-12",0.0517671127995867,1440.68640987651,1416.10771287584,447,13,-434
"229","2009-01",0.0516384972790877,1625.5801690775,1695.1348415362,463,7,-456
"230","2009-02",0.0515333078295594,1304.02501717915,1229.63428249076,231,20,-211
"231","2009-03",0.0514401617735468,1225.66441080979,878.220577350986,198,66,-132
"232","2009-04",0.0513663355122559,1128.01983106954,584.70792006126,77,110,33
"233","2009-05",0.0513024667097445,1387.30445106675,329.72523792905,3,302,299
"234","2009-06",0.0512506945579847,1864.36911768899,297.061507228173,0,519,519
"235","2009-07",0.051210621710247,2374.3420388843,251.852769464097,0,618,618
"236","2009-08",0.0511840134341728,2260.35587512136,234.932742066691,0,591,591
"237","2009-09",0.0511647114454424,1812.96247369124,237.680685841783,4,331,327
"238","2009-10",0.0511634621392888,1350.05652270642,382.997784271807,88,131,43
"239","2009-11",0.0511803193349725,1036.98313198276,570.197042390093,189,7,-182
"240","2009-12",0.0512245255335471,1485.56598169629,1719.8035803484,604,1,-603
"241","2010-01",0.0512777705002202,1901.15274772888,2157.67981195115,578,2,-576
"242","2010-02",0.0513328991911166,1529.41901847698,2043.33505174304,549,0,-549
"243","2010-03",0.051391555980677,1369.81780004567,1496.96182624501,272,7,-265
"244","2010-04",0.0514485101323497,1108.62709760094,619.06296249689,44,90,46
"245","2010-05",0.0515048810318078,1334.77714624268,324.193902351062,6,334,328
"246","2010-06",0.0515617614419122,1940.71160834713,262.659319049571,0,530,530
"247","2010-07",0.0516119267809838,2178.81939151014,251.990746644318,0,548,548
"248","2010-08",0.0516563059687588,2357.00031186752,223.293150825058,0,634,634
"249","2010-09",0.051695688603037,1980.88654430867,229.537261785669,1,414,413
"250","2010-10",0.0517344832900972,1377.897058229,288.781701424489,27,133,106
"251","2010-11",0.0517845216258128,1080.37134641383,588.691997490399,224,48,-176
"252","2010-12",0.0518366982538443,1404.13853993523,1260.52667225566,421,7,-414
"253","2011-01",0.051883059956829,1708.8858167937,1832.63475058931,553,1,-552
"254","2011-02",0.0519501794421583,1635.80003996549,1865.42639941509,410,31,-379
"255","2011-03",0.0520321265354691,1215.71450451058,904.802359269049,135,77,-58
"256","2011-04",0.0521126980896308,1221.6850776449,405.389433259664,20,221,201
"257","2011-05",0.0522040811682796,1438.29801562578,314.815116357378,23,327,304
"258","2011-06",0.0523073895672813,2082.81162411598,263.822029767107,0,591,591
"259","2011-07",0.0524092907174712,2425.89471908235,220.297988394022,0,683,683
"260","2011-08",0.0525203652606903,2609.31502968379,221.361752180038,0,736,736
"261","2011-09",0.0526336538284388,2113.04002352333,210.003234075951,0,428,428
"262","2011-10",0.0527634800783887,1437.56020716513,290.044813918363,54,164,110
"263","2011-11",0.0529092591892551,1129.9435891115,592.861783726951,218,58,-160
"264","2011-12",0.0530641796683081,1427.46817544603,1343.11958012141,467,7,-460
"265","2012-01",0.0532265530057122,1511.15518063523,1538.44350462519,360,6,-354
"266","2012-02",0.0534033518670075,1272.94437837891,1170.89302325409,317,20,-297
"267","2012-03",0.0535689203347229,1190.76907662099,758.198033347531,98,103,5
"268","2012-04",0.0537358708390475,1200.6072497925,358.627571805217,11,186,175
"269","2012-05",0.0539038864432615,1497.9031955048,264.044292228352,1,356,355
"270","2012-06",0.054063400049829,1933.4322268851,226.872245700932,0,513,513
"271","2012-07",0.0542190024648536,2214.52633057111,231.999295509433,0,579,579
"272","2012-08",0.054366871847708,2332.77385070232,210.002870423241,0,596,596
"273","2012-09",0.0545086504933956,1927.06650439547,210.835696666107,1,389,388
"274","2012-10",0.0546549226422898,1403.24838882003,338.483629913383,81,168,87
"275","2012-11",0.0548056616662599,1168.76814897862,568.329766644228,174,43,-131
"276","2012-12",0.0549612488331886,1312.86842683775,1196.41195992018,363,35,-328
"277","2013-01",0.0551200171404265,1653.0771826237,1836.0045890112,448,14,-434
"278","2013-02",0.0552742583156623,1256.09805468533,1125.87593265155,301,6,-295
"279","2013-03",0.0554068433302873,1240.12356038823,969.397706088699,238,34,-204
"280","2013-04",0.0555166648207378,1169.73613372955,557.595745851859,112,91,-21
"281","2013-05",0.0556158926090545,1306.94255224417,400.483616421265,31,282,251
"282","2013-06",0.0556817798937514,1843.00382085142,250.551728958401,0,516,516
"283","2013-07",0.0557352083685849,2130.08766989451,240.7591586105,0,542,542
"284","2013-08",0.0557657417080512,2232.20664527283,215.75832507533,0,597,597
"285","2013-09",0.0557732259054463,2004.86324799826,215.240580932898,0,450,450
"286","2013-10",0.0557671383962768,1478.01665644304,295.862732433049,45,170,125
"287","2013-11",0.0557462275359929,1147.16080134264,639.195085434731,324,32,-292
"288","2013-12",0.0557217333319,1605.15354361802,1738.21491210419,557,11,-546
"289","2014-01",0.0556788301441741,1828.97860357992,2290.03069561156,554,0,-554
"290","2014-02",0.0556707235407712,1586.59278801664,1835.58183964833,424,14,-410
"291","2014-03",0.0556936713693728,1317.77861162835,1221.11512716286,287,17,-270
"292","2014-04",0.0557409386523459,1099.74246006154,631.007705861115,79,113,34
"293","2014-05",0.0558103414592715,1251.59430102937,357.024232651572,16,255,239
"294","2014-06",0.0559053770573796,1719.73668691428,280.873857386592,0,477,477
"295","2014-07",0.0560264556653978,2014.24634718231,248.721893924042,0,529,529
"296","2014-08",0.0561616006362713,2075.36368571069,227.129796901014,0,578,578
"297","2014-09",0.0563249501342033,1948.58617751736,238.33905524349,2,400,398
"298","2014-10",0.0565163739845375,1458.30102949125,275.098523407091,11,207,196
"299","2014-11",0.0567390914211793,1168.3449380142,584.108713694286,340,12,-328
"300","2014-12",0.0569965298107452,1350.15332172337,1264.43031155676,368,8,-360
"301","2015-01",0.0572828071764327,1750.32402902515,2133.56995094833,578,0,-578
"302","2015-02",0.0575428845261525,1449.91574644493,1465.99639489685,438,4,-434
"303","2015-03",0.0577582678470726,1466.12819636144,1369.69618093163,238,29,-209
"304","2015-04",0.0579292238563257,1122.57649459429,435.365535797959,33,144,111
"305","2015-05",0.0580587048056115,1251.76261580548,271.34649664734,6,273,267
"306","2015-06",0.0581476635349308,1704.96773182727,251.315235003335,0,458,458
"307","2015-07",0.0581920797171766,2188.7098509403,255.626606932975,0,582,582
"308","2015-08",0.0581925166633209,2276.11545480375,192.033386892683,0,586,586
"309","2015-09",0.0581543003232489,1963.64083821086,212.415583564289,0,438,438
"310","2015-10",0.0580754091101495,1522.47666955171,248.708056569896,12,205,193
"311","2015-11",0.0579705801501985,1092.85802055634,432.381636604681,185,50,-135
"312","2015-12",0.0578228684972782,1309.0219229791,1097.60999079502,327,27,-300
"313","2016-01",0.0576538545450898,1570.44783653021,1620.01952713845,493,1,-492
"314","2016-02",0.0575056829359008,1344.68832341162,1174.58359866191,260,13,-247
"315","2016-03",0.0573729803306236,1133.18675361525,648.975452284171,120,61,-59
"316","2016-04",0.0572567065632086,1098.54386349716,451.455272538811,37,119,82
"317","2016-05",0.0571568843686892,1288.21640879727,286.982761970496,14,258,244
"318","2016-06",0.05707494462994,1768.81562510324,275.151491552746,0,478,478
"319","2016-07",0.0570053821485902,2271.28915887117,223.452257456134,0,633,633
"320","2016-08",0.056953721668535,2279.83328502884,208.56639592965,0,552,552
"321","2016-09",0.0569199424098799,1981.90371471895,207.230306242363,0,453,453
"322","2016-10",0.0569018425786774,1560.00501305164,251.58061500256,7,277,270
"323","2016-11",0.0569119451997176,1180.69947909892,351.797497271362,103,75,-28
"324","2016-12",0.0569454686250192,1349.92922826557,1120.8270138625,390,30,-360
"325","2017-01",0.0569939577310238,1504.01205689339,1503.48333951767,351,22,-329
"326","2017-02",0.0570478370620801,1131.12006538771,851.448292689647,156,57,-99
"327","2017-03",0.0570896583831816,1125.53872908783,615.808850810032,94,108,14
"328","2017-04",0.0571212701862697,1130.25098434858,361.474052068501,30,149,119
"329","2017-05",0.0571390216446362,1345.51724264954,297.256094543151,4,268,264
"330","2017-06",0.0571461280848346,1773.04326777887,223.132350844324,0,469,469
"331","2017-07",0.0571386834122084,2119.40100548441,229.762641300931,0,594,594
"332","2017-08",0.0571191970292256,2157.92677023298,207.887835419321,0,521,521
"333","2017-09",0.0570910016026104,1801.87252433855,224.825218892627,0,383,383
"334","2017-10",0.0570543122603059,1541.73837576454,296.419859999068,71,186,115
"335","2017-11",0.0570157656402848,1140.52068417434,503.842590538767,138,88,-50
"336","2017-12",0.0569735938176769,1322.6362463019,976.200294962508,451,14,-437
