"","Date","Real GDP per capita (millions of chained 2012 dollars per person)","Electricity Sale to Residential Consumers per capita (MJ/person)","Natural Gas Deliveries to Residential Consumers per capita (MJ/person)","HDD","CDD","DD"
"1","1990-01",0.0238670878516214,21043.7688844462,762.794346901104,1133,0,-1133
"2","1990-02",0.0238529229472897,14106.3494863307,620.379013352736,1173,0,-1173
"3","1990-03",0.0238276933597354,15104.5147918573,576.627143519013,996,0,-996
"4","1990-04",0.0237882841930338,12909.644755509,415.245524714629,618,10,-608
"5","1990-05",0.0237397471504895,11611.4135766015,246.412420835634,393,0,-393
"6","1990-06",0.02368006521093,13837.7977762777,155.372261319532,74,63,-11
"7","1990-07",0.0236100238645524,18276.2062250946,81.4450287099437,24,152,128
"8","1990-08",0.0235291538387426,16422.2367844149,75.7320649807845,18,123,105
"9","1990-09",0.0234378171675689,12977.5424553689,96.5177533164481,216,11,-205
"10","1990-10",0.0233363844651044,12143.735121919,179.712371338955,466,4,-462
"11","1990-11",0.0232268947725421,13940.719674885,346.067496920574,808,0,-808
"12","1990-12",0.0231074245303037,17016.0689113131,516.095332496022,1120,0,-1120
"13","1991-01",0.0229783904548837,19608.4967428609,720.045191164326,1456,0,-1456
"14","1991-02",0.0228727897148208,15915.1862439556,691.452311716008,1103,0,-1103
"15","1991-03",0.0227922176144165,15688.977110249,564.687507729756,980,0,-980
"16","1991-04",0.0227347626594229,12230.9583064986,424.765155338125,527,1,-526
"17","1991-05",0.022699911116679,13410.0165001942,233.981475054488,221,26,-195
"18","1991-06",0.0226875424530252,15505.1830904176,120.696710479953,71,69,-2
"19","1991-07",0.0227027404820885,19139.4280393138,86.7139955270959,25,122,97
"20","1991-08",0.0227414377089289,17434.3805300211,75.3685744733005,11,124,113
"21","1991-09",0.0228042080739643,13966.5656786273,92.2826448328921,270,14,-256
"22","1991-10",0.0228917856823141,12409.9820433699,207.07115726626,482,0,-482
"23","1991-11",0.023004664946905,14509.8791877937,351.876842969059,845,0,-845
"24","1991-12",0.02314319005736,18122.7634965126,590.645370797688,1277,0,-1277
"25","1992-01",0.02330606414433,20248.1643230394,810.446351952653,1433,0,-1433
"26","1992-02",0.0234522556209607,18186.4556811577,800.770982284878,1283,0,-1283
"27","1992-03",0.0235807585199285,16333.3112780356,689.603604485596,1209,0,-1209
"28","1992-04",0.0236909432828823,13833.9372046808,533.406027948682,725,1,-724
"29","1992-05",0.0237839646922138,12284.2355907928,272.211311521476,328,4,-324
"30","1992-06",0.0238595011087546,13052.3538744929,135.100054857075,120,31,-89
"31","1992-07",0.0239180037045246,17421.7583243043,99.3980605280271,57,43,-14
"32","1992-08",0.0239583891402466,16469.8505508886,91.8440922024484,62,59,-3
"33","1992-09",0.0239824990120031,13751.565232713,99.2867238323957,222,25,-197
"34","1992-10",0.0239899144376295,12489.2686024002,241.526141310444,668,0,-668
"35","1992-11",0.0239813646502135,14129.9162943334,383.618090235275,909,0,-909
"36","1992-12",0.0239567694238482,19858.2343147527,576.071599190061,1214,0,-1214
"37","1993-01",0.0239152774798062,20721.0870391129,770.189075863038,1341,0,-1341
"38","1993-02",0.0238863644958894,19630.7484891335,833.328087388669,1500,0,-1500
"39","1993-03",0.0238692018946687,19405.0419004585,808.615379834836,1178,0,-1178
"40","1993-04",0.0238627198500682,13394.1623069885,505.788683793938,637,0,-637
"41","1993-05",0.0238676288095428,11602.9428155978,257.401273741238,302,0,-302
"42","1993-06",0.0238835226936897,15272.2222487589,156.574770552727,114,37,-77
"43","1993-07",0.0239106509757064,21803.8766410939,93.133840685464,12,138,126
"44","1993-08",0.0239486212639305,19056.7683136166,83.7572774877001,24,124,100
"45","1993-09",0.0239984523602698,14758.7949123862,94.852613812609,247,25,-222
"46","1993-10",0.0240598865339652,11606.6810105196,236.017585194627,628,0,-628
"47","1993-11",0.0241339494814225,15555.945958557,350.974375446357,890,0,-890
"48","1993-12",0.024219894494507,20863.7585605919,528.846790209441,1280,0,-1280
"49","1994-01",0.0243173042430429,27178.2791055212,886.289920268901,1789,0,-1789
"50","1994-02",0.0244009718796509,19863.7023940941,844.914152693495,1418,0,-1418
"51","1994-03",0.0244686249694928,18803.1017025097,683.234166047554,1110,0,-1110
"52","1994-04",0.0245193289035165,11701.0617171058,482.900572573463,640,0,-640
"53","1994-05",0.0245561670626311,11730.8297831741,257.003238815974,376,6,-370
"54","1994-06",0.024576939275599,16591.8393503606,155.203910987294,63,108,45
"55","1994-07",0.0245823735370196,21437.7731096854,88.6277027164844,1,193,192
"56","1994-08",0.0245725468401833,17217.6584257404,83.0331941704963,76,69,-7
"57","1994-09",0.024547551795892,12588.1787026926,99.5751933609146,231,2,-229
"58","1994-10",0.0245079652414068,11731.6022466974,171.386027473317,534,0,-534
"59","1994-11",0.024454390398498,13833.9733013288,246.808160357825,763,0,-763
"60","1994-12",0.0243863527798455,18512.9660270931,509.935444970813,1152,0,-1152
"61","1995-01",0.0243036356568775,21414.0806271474,647.698861009332,1216,0,-1216
"62","1995-02",0.0242439507315497,20381.0791862102,684.184995774964,1319,0,-1319
"63","1995-03",0.0242069267772011,16553.4251070516,612.172777235826,953,0,-953
"64","1995-04",0.024191192202884,12277.8105141817,488.748643111459,765,0,-765
"65","1995-05",0.0241985744927106,12385.0270013517,249.761414350957,340,2,-338
"66","1995-06",0.0242274466003607,15026.8781291395,145.002614748277,60,95,35
"67","1995-07",0.0242782358106445,20850.444457025,89.8866727704171,3,214,211
"68","1995-08",0.0243513809936971,21614.8000302664,77.0008944651199,43,115,72
"69","1995-09",0.0244461693029692,13797.613531015,98.9400969266253,283,3,-280
"70","1995-10",0.024563388269259,12223.5759109096,157.473974582835,413,0,-413
"71","1995-11",0.0247044589407389,16931.2504314369,322.092168879977,953,0,-953
"72","1995-12",0.0248688603303682,23290.263148752,645.677846907999,1408,0,-1408
"73","1996-01",0.0250561784896054,25863.7989056515,853.770953102898,1485,0,-1485
"74","1996-02",0.0252110057485562,22371.1950868817,763.827290531128,1297,0,-1297
"75","1996-03",0.0253327841905231,19450.8023980966,646.572240295762,1156,0,-1156
"76","1996-04",0.0254212897404221,14315.2798711383,489.259610454038,681,0,-681
"77","1996-05",0.025477718530587,12867.9755118092,304.738493461928,395,14,-381
"78","1996-06",0.0255011551810715,17215.8770869006,155.036907783199,46,45,-1
"79","1996-07",0.0254922294411084,19227.0102848962,92.9823901872702,11,88,77
"80","1996-08",0.0254501950516069,17585.0550630862,85.6521624357102,16,91,75
"81","1996-09",0.0253760590111482,14282.3713114003,102.011822435989,170,33,-137
"82","1996-10",0.0252703137019436,12131.4392858824,182.097683194075,569,0,-569
"83","1996-11",0.0251325910758822,17089.4223362621,378.636873312974,983,0,-983
"84","1996-12",0.024964645233883,20375.2121742197,549.623174173575,1053,0,-1053
"85","1997-01",0.0247650979995031,22713.3082644672,762.413053298988,1459,0,-1459
"86","1997-02",0.024679592757024,19674.6491008479,756.811127430009,1124,0,-1124
"87","1997-03",0.0247072382700768,16417.8659083115,696.620047788606,1180,0,-1180
"88","1997-04",0.0248474463268475,13801.2206608648,514.591831886161,743,0,-743
"89","1997-05",0.0251012287386391,12160.5954502244,343.568473273451,461,0,-461
"90","1997-06",0.0254675915235143,15618.886000484,176.270211032585,65,67,2
"91","1997-07",0.0259467157539742,21341.4412383714,103.543806208369,41,89,48
"92","1997-08",0.0265374576891707,18640.6471926667,94.420246902847,51,54,3
"93","1997-09",0.0272412918882033,14457.7837140761,107.083987142663,236,7,-229
"94","1997-10",0.0280583659198018,14495.6357445229,214.07610350367,599,0,-599
"95","1997-11",0.0289890042207007,16806.8681566927,388.081863789596,944,0,-944
"96","1997-12",0.030033146258422,21333.1197163991,625.405944764297,1252,0,-1252
"97","1998-01",0.0311891771849602,20929.5451356406,773.735275791821,1296,0,-1296
"98","1998-02",0.0322415115230201,18306.1114117355,719.167170679565,1053,0,-1053
"99","1998-03",0.0331888806186126,18746.6760237628,615.776949725179,985,0,-985
"100","1998-04",0.0340289868308075,13337.3565296032,481.647044746045,592,0,-592
"101","1998-05",0.0347641126317572,14180.2882215824,213.627621204761,163,9,-154
"102","1998-06",0.03539405591049,17079.834111816,139.384642675369,93,100,7
"103","1998-07",0.0359190533504403,21621.9098895774,101.363831700857,13,119,106
"104","1998-08",0.0363385333534242,21292.610242612,103.170274284428,34,105,71
"105","1998-09",0.0366541055213853,18269.5734608344,206.348693681827,167,17,-150
"106","1998-10",0.0368657366735302,12623.6615784667,184.648387211798,521,0,-521
"107","1998-11",0.0369739517368908,15237.3496080007,385.6655113924,823,0,-823
"108","1998-12",0.0369792442148741,19917.916596603,523.429848275069,1060,0,-1060
"109","1999-01",0.0368794055482113,23179.0835715674,893.214343934603,1443,0,-1443
"110","1999-02",0.0368018853371322,19177.9140547858,695.795729879448,1136,0,-1136
"111","1999-03",0.0367433336918012,19776.677989502,677.512273380751,1063,0,-1063
"112","1999-04",0.0367015795867619,13791.3078236468,510.524802355202,655,0,-655
"113","1999-05",0.0366784664304268,13844.3218965482,285.756481921125,226,11,-215
"114","1999-06",0.0366736241727806,17060.659023549,139.074183729028,49,116,67
"115","1999-07",0.0366874383066531,24079.852906776,100.974597536886,9,217,208
"116","1999-08",0.0367195677562442,21839.4717555916,100.769697621387,33,90,57
"117","1999-09",0.0367707850080281,15320.5061309782,104.123561282373,126,71,-55
"118","1999-10",0.0368408866346992,12899.7277256895,220.225313981527,603,0,-603
"119","1999-11",0.0369310336875969,15454.5317543498,378.458651317262,698,0,-698
"120","1999-12",0.037040528963707,20552.2776945734,521.369782452875,1164,0,-1164
"121","2000-01",0.0371672343040116,25474.0227289601,824.482816215914,1480,0,-1480
"122","2000-02",0.0372907560234437,20379.9470235502,901.427676101747,1220,0,-1220
"123","2000-03",0.037408621570654,15728.274764477,697.970558117792,890,0,-890
"124","2000-04",0.0375190146692642,13419.8438628454,471.175707805774,670,0,-670
"125","2000-05",0.0376264943363679,15118.7274771403,314.038038394795,292,12,-280
"126","2000-06",0.0377278605478179,18962.9169894465,192.636405289567,106,60,-46
"127","2000-07",0.0378228598146714,20537.9843720509,122.40253575321,35,77,42
"128","2000-08",0.037913929406637,20115.0760025636,108.289671587657,40,80,40
"129","2000-09",0.0379998285601844,16716.5070645176,125.652492558723,231,28,-203
"130","2000-10",0.038081554533598,13770.5994883581,216.298641308626,531,0,-531
"131","2000-11",0.0381601762850066,16537.7729981347,366.27396191744,842,0,-842
"132","2000-12",0.0382344065599852,24889.772027915,655.956009722748,1434,0,-1434
"133","2001-01",0.0383059895773761,26527.632503551,949.621256046896,1400,0,-1400
"134","2001-02",0.0383801364612643,19807.1729468565,778.95660716059,1214,0,-1214
"135","2001-03",0.0384555360701646,19174.2756965883,733.841226170983,1159,0,-1159
"136","2001-04",0.0385318308125431,15095.5411674029,552.278371337761,668,0,-668
"137","2001-05",0.0386101030098244,13823.7120551276,255.210258773974,245,9,-236
"138","2001-06",0.0386888831502696,18076.2168056053,167.814986926519,74,102,28
"139","2001-07",0.0387694041929807,20213.2239393427,113.616444918508,40,92,52
"140","2001-08",0.0388508213352796,22592.8803081775,94.370199885445,8,193,185
"141","2001-09",0.0389331514631362,16481.753517823,117.050888040505,171,25,-146
"142","2001-10",0.0390209691505595,14209.0763323163,158.92672789276,466,1,-465
"143","2001-11",0.0391084912145064,15182.2064119908,354.356121604718,732,0,-732
"144","2001-12",0.0391983004435092,18317.0564213048,471.040112646305,1029,0,-1029
"145","2002-01",0.0392904979747447,23729.3898151717,730.502556961781,1171,0,-1171
"146","2002-02",0.0393815783726048,19151.3558027759,768.388137966989,1076,0,-1076
"147","2002-03",0.0394727514566582,18178.6508410552,602.540675150456,1005,0,-1005
"148","2002-04",0.0395615205428639,15181.0648933442,543.049283465528,581,15,-566
"149","2002-05",0.0396483901962416,15218.8873611993,316.622684003445,417,13,-404
"150","2002-06",0.0397331764703225,19719.399404186,206.925045816534,94,61,-33
"151","2002-07",0.0398174936340761,24739.6766523848,111.241928377166,21,161,140
"152","2002-08",0.0399000701026146,23619.054997168,100.774787251005,18,173,155
"153","2002-09",0.0399808982084802,19655.5193424952,109.423986793502,113,62,-51
"154","2002-10",0.0400612858321264,15794.8337111632,170.166060078171,611,5,-606
"155","2002-11",0.0401416548359406,17218.9791746423,475.667506987938,916,0,-916
"156","2002-12",0.0402230910550183,24054.1635672188,668.286050395992,1281,0,-1281
"157","2003-01",0.0403035801108229,27517.9801116412,874.785669258671,1645,0,-1645
"158","2003-02",0.040399489810712,24482.9582553088,1006.69239977698,1357,0,-1357
"159","2003-03",0.0405080142669354,20372.0089597175,838.323298600889,1083,0,-1083
"160","2003-04",0.0406278736425798,14603.1516128613,576.212100950332,721,0,-721
"161","2003-05",0.0407591848306706,14691.0321784191,326.26290972589,324,0,-324
"162","2003-06",0.0408966340816342,17270.955664035,164.827036729426,83,76,-7
"163","2003-07",0.0410448864510355,23276.5984497133,112.743830943571,4,152,148
"164","2003-08",0.0412054798230596,23397.8115858188,104.040255094234,23,204,181
"165","2003-09",0.0413791674887029,17206.8214372913,109.210814589259,126,19,-107
"166","2003-10",0.0415652003782133,15327.6689024551,206.226012805053,582,0,-582
"167","2003-11",0.0417641420917621,16280.4375950082,407.134782149873,781,0,-781
"168","2003-12",0.041977332988805,24250.161236121,682.428014720894,1277,0,-1277
"169","2004-01",0.0422034039240956,27854.2217544066,933.344243938445,1716,0,-1716
"170","2004-02",0.0424113409585374,24806.391315923,1005.88122458082,1328,0,-1328
"171","2004-03",0.042599319040941,19158.8167269206,747.786678640271,958,0,-958
"172","2004-04",0.0427650011355035,16283.5976935456,572.832150215683,623,1,-622
"173","2004-05",0.0429099641307723,18528.0006251595,306.250008646754,230,17,-213
"174","2004-06",0.0430365951452047,20606.2389447539,169.533052458514,111,45,-66
"175","2004-07",0.0431430734861297,24152.3252581282,117.615907621329,7,125,118
"176","2004-08",0.0432290363136442,22501.4233300342,110.679090848213,45,116,71
"177","2004-09",0.0432956050514678,18233.7547902793,131.413027459081,116,9,-107
"178","2004-10",0.0433420178006789,14876.9526557834,190.177758568947,539,0,-539
"179","2004-11",0.0433711148997211,17033.2595256218,435.653426510768,846,0,-846
"180","2004-12",0.0433816398559236,23510.7330227128,665.569697667247,1313,0,-1313
"181","2005-01",0.0433726800266005,27213.5177333665,935.258783934872,1529,0,-1529
"182","2005-02",0.0433743473339354,22439.1097683286,928.412804504786,1197,0,-1197
"183","2005-03",0.0433811959128134,22848.6503281618,855.815976463045,1166,0,-1166
"184","2005-04",0.0433921467786851,15691.7372908712,522.10246822024,557,0,-557
"185","2005-05",0.0434087200209812,15441.0633461351,311.154027915238,415,1,-414
"186","2005-06",0.0434329887371176,20374.9401824451,200.500893648959,37,186,149
"187","2005-07",0.0434628069717665,26378.7246025861,110.604694240413,2,220,218
"188","2005-08",0.0434993773633238,26954.6712566057,105.402430618684,14,178,164
"189","2005-09",0.0435419997230694,21388.741166758,117.474046032023,98,56,-42
"190","2005-10",0.043591538871533,17200.4135079561,169.264170311592,472,4,-468
"191","2005-11",0.0436513127951126,17519.4468483665,386.829630127845,774,0,-774
"192","2005-12",0.0437155677150314,26371.8654326052,694.064919303593,1290,0,-1290
"193","2006-01",0.0437879284436239,24842.0838296216,828.558765541138,1149,0,-1149
"194","2006-02",0.0438422907917623,21299.4304543909,767.988426843188,1179,0,-1179
"195","2006-03",0.0438806500723065,20749.9824522303,848.978167872955,1053,0,-1053
"196","2006-04",0.0439000781652184,15661.9974544357,496.884811731231,601,0,-601
"197","2006-05",0.043902312123439,15921.4661033196,281.186727613438,305,17,-288
"198","2006-06",0.0438852677344651,20503.8165639843,194.904157180579,80,71,-9
"199","2006-07",0.043849885061686,26470.8081161404,120.719334017981,1,180,179
"200","2006-08",0.0437975770681805,27331.946719181,106.910714143808,65,75,10
"201","2006-09",0.0437261260277007,19163.2456594472,134.483027154066,222,0,-222
"202","2006-10",0.0436386311865054,15749.1513604187,210.329096421208,605,0,-605
"203","2006-11",0.0435344877884346,18584.1806176837,389.611709646932,698,0,-698
"204","2006-12",0.0434112344359015,22861.3416147802,577.49106755908,1016,0,-1016
"205","2007-01",0.0432721495353488,24983.8133046848,755.052511823492,1344,0,-1344
"206","2007-02",0.0431634883096004,27015.2218141729,1015.38679885289,1418,0,-1418
"207","2007-03",0.0430843974294786,21496.6538341896,932.671479146042,1162,0,-1162
"208","2007-04",0.0430324450837488,16561.5435070051,632.68886104679,746,0,-746
"209","2007-05",0.0430097427256036,17566.5988284233,322.371884396053,316,15,-301
"210","2007-06",0.0430145817382095,21400.8982493034,175.82824826648,80,65,-15
"211","2007-07",0.0430469850583436,25082.8045479274,132.719250730388,36,79,43
"212","2007-08",0.043107898874912,27237.6978996252,113.745260159253,63,101,38
"213","2007-09",0.0431975116290514,22101.3307304982,122.34533011061,161,27,-134
"214","2007-10",0.043316985544134,17859.4385851348,161.957808597686,402,0,-402
"215","2007-11",0.0434648963608921,18139.2555601176,384.16256484388,941,0,-941
"216","2007-12",0.0436424615530452,24440.0730801206,781.998028991231,1296,0,-1296
"217","2008-01",0.0438502945733279,27240.1033907952,838.741308854627,1300,0,-1300
"218","2008-02",0.0440245319264237,23476.6889482687,866.222974072667,1230,0,-1230
"219","2008-03",0.0441642636402114,20293.7522726535,800.721494294775,1136,0,-1136
"220","2008-04",0.0442711966647554,16751.1462444469,628.505418493155,541,0,-541
"221","2008-05",0.0443418156578907,15902.0783670894,282.379936476779,378,2,-376
"222","2008-06",0.0443786594325842,23087.073883006,179.063967262715,53,72,19
"223","2008-07",0.0443804475385785,26075.855277499,123.962603714711,5,110,105
"224","2008-08",0.044347196293329,24249.3139127755,111.906021501679,46,33,-13
"225","2008-09",0.0442803145876745,19740.6359190989,129.120624279433,188,32,-156
"226","2008-10",0.0441800925897818,16097.7014386318,204.87587095247,597,0,-597
"227","2008-11",0.0440463446056011,19077.6929395864,401.164790750998,860,0,-860
"228","2008-12",0.0438802824737585,26520.3814195716,724.932770150678,1238,0,-1238
"229","2009-01",0.0436791814583815,29438.2590666666,1040.16049295745,1602,0,-1602
"230","2009-02",0.0435149855092315,24282.875943996,990.280994647119,1185,0,-1185
"231","2009-03",0.0433856071368266,22596.1348558713,793.920306051493,1034,0,-1034
"232","2009-04",0.0432924629372232,16402.4291778083,561.372387643737,596,5,-591
"233","2009-05",0.0432338100297369,16776.6499497246,282.350955721078,324,2,-322
"234","2009-06",0.0432100566222354,21609.3568264042,196.209889454615,117,29,-88
"235","2009-07",0.0432211121946148,23942.9196262532,137.636838865905,36,57,21
"236","2009-08",0.0432672777234116,25723.2483025702,120.374072150238,48,119,71
"237","2009-09",0.0433473253611305,18923.2518892006,127.17647346485,256,0,-256
"238","2009-10",0.0434632329211929,15989.6660737004,240.443982540966,642,0,-642
"239","2009-11",0.0436149325188581,17443.0720141082,417.036408988175,723,0,-723
"240","2009-12",0.0438041179027624,26060.5801967796,571.06125548244,1278,0,-1278
"241","2010-01",0.0440271466949055,32081.9784142381,921.81872602435,1343,0,-1343
"242","2010-02",0.0442362222599092,27362.0231173672,845.774967289263,1130,0,-1130
"243","2010-03",0.0444317529897475,21185.4593981487,610.806412408763,858,0,-858
"244","2010-04",0.0446127922979585,14358.8916275474,461.678200077301,520,0,-520
"245","2010-05",0.0447796246370307,16983.4749417984,264.900224883755,243,31,-212
"246","2010-06",0.0449325257912871,25484.0927575262,162.287871450163,96,49,-47
"247","2010-07",0.0450701159124129,29289.1566447921,124.657973573182,21,205,184
"248","2010-08",0.0451926159479137,27021.7006206431,109.253800941083,33,100,67
"249","2010-09",0.0453002159235149,21202.8792589003,117.758195727739,182,43,-139
"250","2010-10",0.0453938272967636,16133.9926672721,295.194404267143,583,0,-583
"251","2010-11",0.0454758550518613,17590.6840827783,511.870845901259,857,0,-857
"252","2010-12",0.0455445049474209,29964.1681167939,834.381822247551,1326,0,-1326
"253","2011-01",0.04559819332904,32201.7761822982,1017.05289277932,1492,0,-1492
"254","2011-02",0.0456534540489179,23569.4641000065,873.836671860041,1286,0,-1286
"255","2011-03",0.0457091074429965,19996.5282579692,766.443436996317,1115,0,-1115
"256","2011-04",0.0457618929005119,16653.3114305491,628.252911618276,645,0,-645
"257","2011-05",0.045814278559979,16922.4472394117,233.917714081954,244,27,-217
"258","2011-06",0.0458665009733959,23807.8602032945,146.859488297282,91,39,-52
"259","2011-07",0.045915873657162,27751.5657342923,119.54801056129,1,160,159
"260","2011-08",0.0459645472208955,26168.9610671108,119.559264100304,16,85,69
"261","2011-09",0.0460111240264667,20029.527428353,136.647910705368,126,29,-97
"262","2011-10",0.0460585185225734,15387.1440751244,257.948038781475,517,0,-517
"263","2011-11",0.0461066260759679,17685.9815824511,432.246522826705,713,0,-713
"264","2011-12",0.0461540789831877,22949.6890651997,753.539117421182,1095,0,-1095
"265","2012-01",0.0462005482284371,25846.0732595176,987.753793332102,1295,0,-1295
"266","2012-02",0.0462381679656502,21583.8071886673,811.871774558295,1104,0,-1104
"267","2012-03",0.0462617362677468,18179.6902441527,593.153035305036,785,0,-785
"268","2012-04",0.0462737985626023,14152.5353297687,441.057170170392,627,3,-624
"269","2012-05",0.0462742836803731,17979.5530935408,215.415741877984,212,21,-191
"270","2012-06",0.0462612625793494,20431.3732198622,135.064563796945,94,60,-34
"271","2012-07",0.046235663511984,28205.396914944,119.675220512951,10,150,140
"272","2012-08",0.0461967260780003,25600.1053713855,116.247661839569,20,117,97
"273","2012-09",0.046144790629821,19267.0439899176,140.164701738227,223,19,-204
"274","2012-10",0.0460819785767966,15760.7954468735,254.660055459624,458,0,-458
"275","2012-11",0.0460082824659837,19625.6816971735,495.5899318126,915,0,-915
"276","2012-12",0.0459237749099157,23883.8020407923,838.989830773145,1106,0,-1106
"277","2013-01",0.0458281230900676,26916.7057055843,1038.78851383752,1353,0,-1353
"278","2013-02",0.0457441269113562,24352.1665466483,946.481356974659,1190,0,-1190
"279","2013-03",0.0456683970811762,23901.898570399,794.387361443704,1056,0,-1056
"280","2013-04",0.0456007143094153,17962.2938984793,486.852671060563,670,0,-670
"281","2013-05",0.045543444887127,16044.5955973307,247.692488588485,274,16,-258
"282","2013-06",0.0454921447552391,21029.1384032361,169.101956143802,112,74,-38
"283","2013-07",0.0454508708400777,25970.1534995707,138.350976256108,11,209,198
"284","2013-08",0.0454175775526409,23189.3779907236,126.38873330665,37,64,27
"285","2013-09",0.045392218700707,19062.5675761918,146.875630953894,255,33,-222
"286","2013-10",0.0453766220233473,16344.7206804814,244.216331742344,510,0,-510
"287","2013-11",0.0453705295037575,19992.9631859222,568.69648217035,958,0,-958
"288","2013-12",0.0453761287494888,26397.0374664558,929.103430688542,1289,0,-1289
"289","2014-01",0.0453905153939375,32264.135453387,1205.87452011924,1512,0,-1512
"290","2014-02",0.0454090148995874,27331.1098617117,1038.60426697219,1324,0,-1324
"291","2014-03",0.0454309244467857,24387.4185630632,1054.12205025894,1363,0,-1363
"292","2014-04",0.0454549443687037,16750.6031023023,604.875328375331,684,0,-684
"293","2014-05",0.045480667934211,16419.4546860193,299.055164946921,289,1,-288
"294","2014-06",0.0455088114397242,21335.6814340944,164.07248476597,62,41,-21
"295","2014-07",0.04553948456857,25046.232152844,140.162323554368,15,109,94
"296","2014-08",0.0455703509562325,22237.4812350929,135.044473082031,43,45,2
"297","2014-09",0.0456042360799638,19316.0708530089,164.119264597669,221,32,-189
"298","2014-10",0.0456411473138435,15639.5342585719,270.140930020255,464,4,-460
"299","2014-11",0.0456817520921038,20182.146624546,596.7829360599,918,0,-918
"300","2014-12",0.0457267540899601,26312.7722377109,867.113459242665,1136,0,-1136
"301","2015-01",0.0457750206501191,30108.2122350938,1240.19932302734,1580,0,-1580
"302","2015-02",0.0458272041934519,29168.2822711019,1300.40011515253,1625,0,-1625
"303","2015-03",0.0458796412755523,25812.1543728571,1043.98150395763,1280,0,-1280
"304","2015-04",0.0459323573715829,14964.1530284616,628.229755524969,700,0,-700
"305","2015-05",0.045985900205277,17803.5363142793,267.092449868096,179,38,-141
"306","2015-06",0.046040424675478,23087.6230176873,183.232261994083,122,20,-102
"307","2015-07",0.0460951085275372,26320.3592262133,152.432705924535,22,110,88
"308","2015-08",0.0461500231495785,24437.5910952673,126.759173830403,14,102,88
"309","2015-09",0.0462061790634634,19913.9526930569,138.768629010144,113,59,-54
"310","2015-10",0.0462631409806445,15797.384786308,287.851927447981,601,0,-601
"311","2015-11",0.0463238114156348,16926.1723858877,503.828790643625,744,0,-744
"312","2015-12",0.0463847964388098,20417.7669477034,689.013663167217,879,0,-879
"313","2016-01",0.0464504079254934,27145.2722678556,1025.1791943992,1325,0,-1325
"314","2016-02",0.0465163829089593,26563.4836495391,963.66858453849,1155,0,-1155
"315","2016-03",0.0465816434478017,19081.7760045522,677.434323157284,920,0,-920
"316","2016-04",0.0466463881018793,15066.4885739205,620.933685854483,736,0,-736
"317","2016-05",0.0467106273517369,15914.4116389255,349.962367129837,317,32,-285
"318","2016-06",0.0467746638328815,21278.4358162399,193.871952379141,92,52,-40
"319","2016-07",0.0468373662358918,27693.8276517167,159.5677906191,12,139,127
"320","2016-08",0.0468998845687858,27892.3565257887,132.120393494919,2,151,149
"321","2016-09",0.0469622275986078,21575.0587799963,149.281661076404,104,47,-57
"322","2016-10",0.04702394711881,16290.9513351447,255.663462060589,453,1,-452
"323","2016-11",0.0470876853963372,17188.2160265273,559.379733456638,802,0,-802
"324","2016-12",0.047152463764053,25265.2243157275,952.338451262922,1214,0,-1214
"325","2017-01",0.0472165169865493,27176.0989470611,954.044360160006,1209,0,-1209
"326","2017-02",0.0472766198997285,19690.2519151867,869.982092633297,1063,0,-1063
"327","2017-03",0.0473290833957671,20331.7622829828,978.058937643419,1240,0,-1240
"328","2017-04",0.0473742865118822,16033.8059829443,533.606553448142,538,1,-537
"329","2017-05",0.0474114455526847,16689.3097330362,320.81052421896,361,13,-348
"330","2017-06",0.0474412322515212,21428.4988032549,224.701700179926,113,70,-43
"331","2017-07",0.0474628089161589,27344.3871391471,140.621313460741,22,97,75
"332","2017-08",0.0474767010247544,24172.9003327622,133.725157047912,63,71,8
"333","2017-09",0.0474836144024962,17998.1665833044,149.109185442949,130,54,-76
"334","2017-10",0.0474835944486315,17589.2856673976,190.178118481016,329,3,-326
"335","2017-11",0.0474780622208002,18032.727547131,515.531522754955,892,0,-892
"336","2017-12",0.0474666465639661,26322.3461354169,1005.0167211209,1388,0,-1388
