"","Date","Real GDP per capita (millions of chained 2012 dollars per person)","Electricity Sale to Residential Consumers per capita (MJ/person)","Natural Gas Deliveries to Residential Consumers per capita (MJ/person)","HDD","CDD","DD"
"1","1990-01",0.0280726634084941,120.716004182516,1888.75406957186,700,0,-700
"2","1990-02",0.0280435274407078,100.284014473408,1271.98723657684,579,0,-579
"3","1990-03",0.028011479107596,102.512664364576,1197.69400888052,508,22,-486
"4","1990-04",0.0279641635696027,86.1682794112941,812.832931678508,334,32,-302
"5","1990-05",0.0279215397416681,76.750034330066,424.410761335817,106,38,-68
"6","1990-06",0.027875571333631,71.4206738791409,305.90532403551,9,214,205
"7","1990-07",0.0278293074149718,75.6572801866118,245.392058310621,0,361,361
"8","1990-08",0.0277808293308379,76.2943595873569,240.877575012847,1,271,270
"9","1990-09",0.0277315031237256,67.7270411898727,280.740166548116,65,113,48
"10","1990-10",0.0276827324921233,78.9178631289182,366.790202047551,227,41,-186
"11","1990-11",0.027642581077263,88.587424781216,778.285668518948,462,0,-462
"12","1990-12",0.0276033785815804,103.190993078759,1280.73811075898,698,0,-698
"13","1991-01",0.0275667584327836,120.457104644872,1694.85513134141,873,0,-873
"14","1991-02",0.0275310892474527,99.1426135038644,1590.53907733328,667,0,-667
"15","1991-03",0.0275028813943209,97.1741578870006,1269.92288315518,548,3,-545
"16","1991-04",0.0274745210784574,81.3886437196005,791.347323442143,283,25,-258
"17","1991-05",0.0274440287558966,80.5750540597758,376.300431292234,45,172,127
"18","1991-06",0.0274110573359436,69.9951006781056,283.27313343605,13,230,217
"19","1991-07",0.0273962601118777,71.0687519125181,244.369552039449,0,396,396
"20","1991-08",0.0273833383377697,73.1538028856867,237.936587565057,0,310,310
"21","1991-09",0.0273747380017629,66.5476653972861,246.812029537334,65,157,92
"22","1991-10",0.0273735111834434,75.8449669809839,437.283542673178,254,12,-242
"23","1991-11",0.0273816940257878,81.5766929348686,949.891592774571,574,1,-573
"24","1991-12",0.0274006664447776,105.092074453108,1348.93785490861,728,0,-728
"25","1992-01",0.0274253386558056,127.440515427728,1870.48123667975,863,0,-863
"26","1992-02",0.0274518115123481,113.50680754779,1747.34677907741,720,0,-720
"27","1992-03",0.0274761297782098,109.671876256171,1373.35459227685,649,0,-649
"28","1992-04",0.0274958607920301,90.0565631305627,1014.65523492377,331,17,-314
"29","1992-05",0.0275154221933924,76.3752202732792,562.946252377533,187,25,-162
"30","1992-06",0.027533518951722,70.0207648991941,307.480255247155,24,121,97
"31","1992-07",0.0275518015508089,72.5442387202404,256.747441753264,0,346,346
"32","1992-08",0.0275660736234841,73.5605832009269,241.110862009196,3,184,181
"33","1992-09",0.0275832388434646,75.5046551126454,251.239619183728,58,129,71
"34","1992-10",0.0276016028820774,81.5456739571762,565.655448865924,353,4,-349
"35","1992-11",0.02762382854509,87.4807023080998,948.812023445453,539,1,-538
"36","1992-12",0.0276495215846233,109.626347972228,1603.97938319322,852,0,-852
"37","1993-01",0.0276753638886288,115.909076081055,1848.00952251262,819,0,-819
"38","1993-02",0.0277109810727562,108.239615662439,1982.78770411016,860,0,-860
"39","1993-03",0.0277532807216104,111.400720085109,1789.20628381289,742,0,-742
"40","1993-04",0.0277982265773227,84.1604542655479,998.458755781392,360,6,-354
"41","1993-05",0.0278485895015859,74.1571267543096,414.453337996028,64,63,-1
"42","1993-06",0.0279028805766292,73.843643637871,277.1571606023,12,217,205
"43","1993-07",0.0279621309397394,79.2721839278067,244.632327099697,0,421,421
"44","1993-08",0.0280249184878357,82.0940765699357,239.267085720276,0,322,322
"45","1993-09",0.0280952479428969,76.7193671052624,242.895471817227,46,163,117
"46","1993-10",0.0281722299838419,86.7778771657371,455.671208155728,310,5,-305
"47","1993-11",0.0282599070911102,93.3102465359033,940.72737965081,553,5,-548
"48","1993-12",0.0283555194907294,111.892529176103,1688.9237045694,914,0,-914
"49","1994-01",0.0284575774918691,132.86069404287,2434.47730825505,1130,0,-1130
"50","1994-02",0.0285551368310808,110.018386225271,2041.23864726701,794,0,-794
"51","1994-03",0.0286393648905727,108.349770814857,1567.0176778491,620,1,-619
"52","1994-04",0.0287065670488649,85.6538671411579,754.805983501003,211,31,-180
"53","1994-05",0.0287684697564232,78.0860398046525,440.882546140504,203,34,-169
"54","1994-06",0.0288165349176663,78.273494115624,310.662686636739,3,291,288
"55","1994-07",0.0288534651657434,81.2367751378505,231.513920164519,0,366,366
"56","1994-08",0.0288794721065247,81.8028457193576,232.291114717304,3,227,224
"57","1994-09",0.0288948344681383,74.6764522862808,240.932814253294,45,77,32
"58","1994-10",0.0289017066232677,81.0609088316345,481.747874384671,318,1,-317
"59","1994-11",0.0289023667150609,87.8869378690311,780.04099940023,433,0,-433
"60","1994-12",0.0288949480905751,107.06448309022,1437.19115739513,707,0,-707
"61","1995-01",0.0288785799406109,111.49204180792,1920.2272785668,859,0,-859
"62","1995-02",0.0288858425236262,104.39490291597,2100.99292881891,862,0,-862
"63","1995-03",0.028915381790123,97.0674024435732,1481.41553634025,554,0,-554
"64","1995-04",0.0289619197954148,85.3243711461254,812.15795802023,332,11,-321
"65","1995-05",0.0290326786734721,77.5267883957108,471.034635372859,123,55,-68
"66","1995-06",0.029121377290119,77.7632526323304,270.406945740691,5,195,190
"67","1995-07",0.0292297742739939,80.3691423680858,248.226180170497,0,378,378
"68","1995-08",0.0293596899841629,83.8754288733234,242.185937303632,0,357,357
"69","1995-09",0.029508421693225,73.3168184999614,229.335121918964,54,106,52
"70","1995-10",0.029679174618959,76.1554106763445,371.899956038254,220,31,-189
"71","1995-11",0.029877663232954,93.0845350677903,1168.43592332852,692,2,-690
"72","1995-12",0.0301019567419804,115.819339604362,2109.53953416416,981,0,-981
"73","1996-01",0.0303505425548488,121.414934598222,2420.79614527049,1002,0,-1002
"74","1996-02",0.0305390299255214,107.96543247566,2265.06725812915,849,0,-849
"75","1996-03",0.0306650944183768,100.477390498361,1846.79427037863,767,0,-767
"76","1996-04",0.0307277660437943,81.3338685503341,1072.54375326184,324,18,-306
"77","1996-05",0.0307316979071406,79.9770693674436,418.066743452362,162,86,-76
"78","1996-06",0.0306732581534222,78.0668265726661,343.909521366538,11,238,227
"79","1996-07",0.0305549179165528,80.0906292507861,247.166399211225,2,271,269
"80","1996-08",0.0303738004013564,80.4728037876631,234.088550428395,1,235,234
"81","1996-09",0.0301338864288478,76.3714881695212,232.203581646173,46,112,66
"82","1996-10",0.0298371260503166,82.998957233049,472.318344496533,267,5,-262
"83","1996-11",0.0294821644554586,92.4406596480731,1210.86640617623,717,1,-716
"84","1996-12",0.0290757214789306,102.128733172607,1792.67452221097,770,0,-770
"85","1997-01",0.0286125811104882,117.366337878636,2135.29025199949,932,0,-932
"86","1997-02",0.0283699905025472,97.6657142912679,1908.72102694381,661,0,-661
"87","1997-03",0.0283444209987857,94.9065844968842,1482.13064581787,558,1,-557
"88","1997-04",0.0285335413577589,83.6960038965248,1081.47583131903,431,1,-430
"89","1997-05",0.0289409844250643,78.6197638756034,685.560268219891,197,25,-172
"90","1997-06",0.0295629491694609,76.096238822072,332.948983482241,55,185,130
"91","1997-07",0.0304000302093659,79.239846060063,258.855385456127,1,328,327
"92","1997-08",0.0314478172344547,79.6428473627648,238.72927018692,2,232,230
"93","1997-09",0.0327118918985388,77.2368312086052,264.98795504127,47,101,54
"94","1997-10",0.0341929815914781,79.9652437682127,485.471071564606,308,30,-278
"95","1997-11",0.035892668428667,95.4510109873473,1209.39190574675,646,0,-646
"96","1997-12",0.0378111811597552,105.471593917457,1966.81226083446,835,0,-835
"97","1998-01",0.039942447680671,112.066364575364,1882.49035254384,750,1,-749
"98","1998-02",0.0418726801549613,93.0761129501648,1803.86374615855,667,0,-667
"99","1998-03",0.0435960560173428,92.4072904439466,1567.02725657427,622,20,-602
"100","1998-04",0.0451021506721886,79.9675119662189,767.264341994809,296,13,-283
"101","1998-05",0.0464000582057746,72.8899046370579,408.3968162192,72,91,19
"102","1998-06",0.0474885560714036,76.740266427655,282.391335659693,24,231,207
"103","1998-07",0.0483684416325618,83.5224952297444,231.816208552276,0,329,329
"104","1998-08",0.0490371629349736,80.276470448565,173.541748745076,1,308,307
"105","1998-09",0.0495017789838351,76.6213174847627,236.678507159394,20,233,213
"106","1998-10",0.0497623695497904,79.6345531061713,402.952912613072,256,12,-244
"107","1998-11",0.0498215476515067,86.5811154519944,999.757489995086,534,0,-534
"108","1998-12",0.0496818781269913,100.992125185702,1460.9208090929,700,3,-697
"109","1999-01",0.0493344014176392,109.292209168307,2114.38521131256,822,0,-822
"110","1999-02",0.049037957541723,98.8297438943546,1818.47389859956,715,0,-715
"111","1999-03",0.0487780166549788,96.1593384199978,1831.36335819646,720,0,-720
"112","1999-04",0.0485453831632889,85.6273507831381,824.247607882792,284,8,-276
"113","1999-05",0.0483480200755448,73.7489973947696,437.383398858306,93,45,-48
"114","1999-06",0.0481845550489272,78.5438585856677,256.531523732213,12,195,183
"115","1999-07",0.0480568808167789,85.8618815751422,242.995230715711,2,414,412
"116","1999-08",0.0479639152777394,82.0862510735474,224.17839383683,2,319,317
"117","1999-09",0.0479092964101789,79.7806884719684,237.809527220215,50,97,47
"118","1999-10",0.0478926510865678,77.8059795578582,465.996397703461,324,7,-317
"119","1999-11",0.0479193274152229,85.5613230848515,944.433219301048,408,0,-408
"120","1999-12",0.0479870387100849,93.8444111616155,1662.70956405283,791,0,-791
"121","2000-01",0.0480876616446393,109.013282606564,2366.01776744837,967,0,-967
"122","2000-02",0.0482003302250833,101.451804407872,2196.33218260625,694,0,-694
"123","2000-03",0.0483141909800112,90.5176708728137,1304.79815896532,494,1,-493
"124","2000-04",0.0484211957563886,81.2290760473904,856.30947086865,331,2,-329
"125","2000-05",0.0485395185077863,73.5238870023658,444.000519003319,73,104,31
"126","2000-06",0.048655533197494,76.7973562803284,278.429341505077,9,248,239
"127","2000-07",0.0487677702391051,80.5391137751435,242.24673045193,1,238,237
"128","2000-08",0.0488858140928345,80.2613210132391,228.585521822262,1,240,239
"129","2000-09",0.0490042335389179,76.0792742085618,262.759268152907,90,119,29
"130","2000-10",0.0491267974096768,75.656675264391,503.86078646077,253,16,-237
"131","2000-11",0.0492576039534973,84.1082970813091,1254.3712247949,653,0,-653
"132","2000-12",0.0493911685050715,103.493735927099,2401.71425222998,1088,0,-1088
"133","2001-01",0.0495344347755323,104.769371179588,2576.93762413726,965,0,-965
"134","2001-02",0.0496617655537084,93.9279929511794,1892.47879378022,690,0,-690
"135","2001-03",0.049767864469869,90.2594430039052,1613.63288376844,730,0,-730
"136","2001-04",0.0498513533682322,77.0142800139684,851.088097338614,290,30,-260
"137","2001-05",0.0499167490716603,72.353356588558,354.097024178421,107,45,-62
"138","2001-06",0.0499581831796023,76.2773416052167,268.77630359547,10,214,204
"139","2001-07",0.0499808170287962,82.8222742940076,228.425242522435,4,222,218
"140","2001-08",0.0499813782121426,88.3107228344919,234.453027689091,0,322,322
"141","2001-09",0.0499601254278205,77.0345759935239,221.399303088984,80,90,10
"142","2001-10",0.0499356437285031,75.2548683899078,469.783487842746,302,14,-288
"143","2001-11",0.0498848036327365,78.7626036077824,788.966424502652,410,2,-408
"144","2001-12",0.0498181836882952,89.2274800486628,1226.98646781695,675,0,-675
"145","2002-01",0.0497363567164227,100.716687927838,2027.77664117899,792,1,-791
"146","2002-02",0.0496742659418261,87.6385960586106,1659.56094136678,699,0,-699
"147","2002-03",0.049636541093802,83.4982309386827,1398.53989880365,597,1,-596
"148","2002-04",0.0496132114662073,73.6786203381478,647.249380357432,270,55,-215
"149","2002-05",0.0496061765630311,74.0655511533065,411.970449294145,146,64,-82
"150","2002-06",0.0496146218624304,75.9068717425844,252.90072995916,4,246,242
"151","2002-07",0.0496447343168312,84.4424305581141,224.148457462085,1,368,367
"152","2002-08",0.0496914373171756,92.6828701043312,242.21660269021,2,357,355
"153","2002-09",0.0497545956607766,80.9023878904792,233.201302379621,13,153,140
"154","2002-10",0.0498391665225208,76.5058504057003,635.172638824184,280,43,-237
"155","2002-11",0.0499466582400068,82.2347279922717,1391.19225150468,610,1,-609
"156","2002-12",0.0500811549264815,99.405087368382,2249.34821152339,930,0,-930
"157","2003-01",0.050234758814653,101.369459028627,2842.62971061084,1080,0,-1080
"158","2003-02",0.0503978152057985,92.025563192807,2363.12842572344,881,0,-881
"159","2003-03",0.0505594856919034,84.850747744679,1450.31184082843,548,0,-548
"160","2003-04",0.0507148372247856,74.4464007709528,889.185292575012,331,7,-324
"161","2003-05",0.050864353841237,70.284377277321,403.392372237231,137,29,-108
"162","2003-06",0.0509875749321086,71.5694535865629,275.550383839623,26,162,136
"163","2003-07",0.0511026445478283,83.8806462560554,233.535896758178,0,309,309
"164","2003-08",0.0512155726120052,85.4771228063961,222.83168477423,0,341,341
"165","2003-09",0.0513293090226299,76.0216469122074,221.517987132058,34,108,74
"166","2003-10",0.0514410377876697,72.5966515575504,617.065341844904,305,4,-301
"167","2003-11",0.0515529689640031,77.5335878097762,1014.81928531112,407,9,-398
"168","2003-12",0.0516702237916822,92.0492111543059,2174.15423688629,867,0,-867
"169","2004-01",0.0517876214296631,110.123486572452,2889.05593738549,1042,0,-1042
"170","2004-02",0.0519218940637272,96.9963111200458,2183.72422286877,855,0,-855
"171","2004-03",0.0520660126514831,87.6254154820522,1389.11828078028,551,1,-550
"172","2004-04",0.0522111094563501,76.7186378508288,842.832434654317,323,35,-288
"173","2004-05",0.0523630089437948,73.6297010961462,297.394151890059,38,187,149
"174","2004-06",0.0525305194225223,74.3376476995801,240.334507387269,8,202,194
"175","2004-07",0.0527067118525596,84.1556344596523,207.614830236177,0,323,323
"176","2004-08",0.0528901203318429,82.8547186301724,261.626195142438,3,246,243
"177","2004-09",0.0530848297808048,73.4959264457842,243.002700340082,18,128,110
"178","2004-10",0.0532878865299538,77.0628000823763,509.827214849031,249,9,-240
"179","2004-11",0.0535098588366025,79.6345386614986,1128.12343419957,469,1,-468
"180","2004-12",0.0537459982790472,100.297664397947,1977.54447523646,796,0,-796
"181","2005-01",0.0539928276436558,106.091170548192,2485.5394396408,868,0,-868
"182","2005-02",0.0542341259406837,86.32861490776,2030.02973251941,740,0,-740
"183","2005-03",0.0544493444346624,93.4365836406817,1825.62088617026,743,0,-743
"184","2005-04",0.0546343651758488,74.8322565862524,728.619991808968,309,7,-302
"185","2005-05",0.0547950040975409,71.9908784996743,480.128655881039,178,17,-161
"186","2005-06",0.0549392537617252,84.2252545591503,282.704887580772,12,237,225
"187","2005-07",0.055058981663743,93.3745457879319,225.42570475623,0,397,397
"188","2005-08",0.0551588691136252,90.4192879074891,202.883560293887,0,380,380
"189","2005-09",0.0552363199918634,82.8288762010054,234.484127153063,7,199,192
"190","2005-10",0.0552947355738106,79.4806107628411,522.652377201378,228,28,-200
"191","2005-11",0.0553468791689199,76.5612899049217,1101.19450243646,474,1,-473
"192","2005-12",0.0553708303961919,102.163961175425,2272.4078080733,936,0,-936
"193","2006-01",0.0553805145527183,101.234017005015,1781.91787678018,698,0,-698
"194","2006-02",0.0553884160836172,87.6486757752449,1881.19009036108,759,0,-759
"195","2006-03",0.0554020616504993,89.4060593900863,1477.91893522231,583,3,-580
"196","2006-04",0.0554102905815905,76.1005857572882,544.190766746712,222,9,-213
"197","2006-05",0.0554196632412292,71.6108949411663,360.598439196518,146,57,-89
"198","2006-06",0.0554222560711763,78.7958627808181,220.619627259409,3,205,202
"199","2006-07",0.0554216095866027,91.871692247802,228.592409419847,0,371,371
"200","2006-08",0.0554230562063569,88.9399474811849,214.784602740393,0,376,376
"201","2006-09",0.0554181764676892,73.8810332767563,273.271461920495,56,69,13
"202","2006-10",0.0554187132920607,74.6956893488868,637.053960278341,305,10,-295
"203","2006-11",0.0554223912511782,78.4632162287065,1066.19208347098,466,0,-466
"204","2006-12",0.0554198610096691,95.9382089227658,1605.92405347165,662,1,-661
"205","2007-01",0.0554236283541042,99.62986403225,1973.92776626159,758,0,-758
"206","2007-02",0.0554276623732623,90.8498956935895,2501.21118831877,949,0,-949
"207","2007-03",0.0554287110245751,93.2922983326766,1408.01185452263,512,3,-509
"208","2007-04",0.055417444795491,75.260709001209,880.041736963603,360,9,-351
"209","2007-05",0.0554019592644433,75.3458836212065,382.714509578379,89,82,-7
"210","2007-06",0.0553757261528537,76.7178029198647,286.274707740206,4,238,234
"211","2007-07",0.0553388873014286,84.4007246920614,222.648751587317,0,322,322
"212","2007-08",0.0552951319175047,90.0396027152284,218.609895749555,0,395,395
"213","2007-09",0.0552452509358628,76.1886497026339,232.443665859519,26,181,155
"214","2007-10",0.0551937127594226,73.4376079326797,360.614411116807,134,87,-47
"215","2007-11",0.0551351860240291,81.148987889137,1187.16618584175,544,0,-544
"216","2007-12",0.0550743222697327,95.547118996915,1859.82514808902,725,0,-725
"217","2008-01",0.0550134236902142,102.269965123385,2228.81138408893,877,0,-877
"218","2008-02",0.0549524544535303,88.8918463534288,1831.45113712007,737,0,-737
"219","2008-03",0.054887974149545,88.5806863895638,1283.22115477174,561,1,-560
"220","2008-04",0.054826188769425,71.997995776164,691.60341433557,268,8,-260
"221","2008-05",0.0547542020877286,70.2509063636754,380.329561545192,111,37,-74
"222","2008-06",0.0546812870942997,75.9570874103742,274.852119452591,1,307,306
"223","2008-07",0.0546027751652929,86.7744495367418,221.301570444557,0,334,334
"224","2008-08",0.0545187363467871,82.0644987779394,209.718097507994,0,256,256
"225","2008-09",0.0544342723072114,71.8022270954436,232.148886850679,28,144,116
"226","2008-10",0.0543504369264971,73.9501692437301,602.708591225889,305,8,-297
"227","2008-11",0.0542665865778023,76.5032625703562,1357.90117934436,611,1,-610
"228","2008-12",0.0541871610004632,96.3172922385861,1911.67885732549,750,0,-750
"229","2009-01",0.0541023731807739,106.671210966907,2644.69970512465,1012,0,-1012
"230","2009-02",0.0540377092042658,86.4359112547789,1892.23752109958,725,0,-725
"231","2009-03",0.053985411739125,88.2582291727402,1547.25003791792,627,3,-624
"232","2009-04",0.0539505051579206,71.6741463830247,699.734746283039,304,30,-274
"233","2009-05",0.0539265645695871,69.944503617732,355.845326266759,86,83,-3
"234","2009-06",0.0539150562226648,69.7098510695253,233.738988269533,5,223,218
"235","2009-07",0.0539156919527048,79.9205562162124,227.020788300719,0,255,255
"236","2009-08",0.0539296677285148,82.6488787867214,213.205026216814,0,348,348
"237","2009-09",0.0539526916010092,71.0162512834157,225.891526534489,25,94,69
"238","2009-10",0.0539921545512893,74.9680512338823,561.25710684101,284,9,-275
"239","2009-11",0.0540480507770562,71.0334174243113,993.298713379829,448,0,-448
"240","2009-12",0.0541267315572464,96.8935306756725,2167.55995932604,884,0,-884
"241","2010-01",0.0542154366664875,101.34579426814,2607.85465920626,980,0,-980
"242","2010-02",0.054296258526011,81.195425051156,2335.2325504515,916,0,-916
"243","2010-03",0.0543703890116658,83.491311765271,1254.78816820396,516,0,-516
"244","2010-04",0.0544342470180145,66.586490202179,481.747725002744,206,28,-178
"245","2010-05",0.0544886506313929,70.2882782747895,291.602226482586,71,128,57
"246","2010-06",0.0545343951187649,71.022900490775,241.871782830785,0,358,358
"247","2010-07",0.0545665071036321,88.8297155317134,217.263284679928,0,435,435
"248","2010-08",0.0545856638342026,83.4234468184458,173.764854929797,0,369,369
"249","2010-09",0.0545924425920486,70.9624952677571,227.649667654171,10,187,177
"250","2010-10",0.054589923362115,71.4859747479761,434.679664971443,212,21,-191
"251","2010-11",0.0545863162862002,71.7789837189216,1124.04680116922,542,0,-542
"252","2010-12",0.0545753263715194,94.2953478813669,2676.72679254159,1048,0,-1048
"253","2011-01",0.0545514650480678,98.7275317818655,2762.94202191051,1020,0,-1020
"254","2011-02",0.0545363468964394,85.4481297128501,1789.62738910018,674,0,-674
"255","2011-03",0.0545258873157673,84.3514967604493,1407.53026307678,606,0,-606
"256","2011-04",0.0545089404722043,71.0483118202772,637.825980050123,231,40,-191
"257","2011-05",0.0544939471059811,69.8798826021145,306.510568529561,77,106,29
"258","2011-06",0.0544816980466788,71.6063460890541,231.426871303286,1,282,281
"259","2011-07",0.0544630753417339,84.7013698270149,191.458775323382,0,439,439
"260","2011-08",0.0544453892619609,81.3191408481481,211.170633036237,0,333,333
"261","2011-09",0.0544239204595049,71.1519284881764,173.690489199716,32,162,130
"262","2011-10",0.0544084952415654,65.7150461927407,559.061961521485,283,7,-276
"263","2011-11",0.0543987179026605,69.5588850311413,960.377948552507,443,1,-442
"264","2011-12",0.0543899675000832,89.9558488026674,1508.21690085216,679,0,-679
"265","2012-01",0.0543811332612921,93.7780899154263,1892.41957083318,780,0,-780
"266","2012-02",0.0543823172307851,81.0244355095252,1642.3888138804,661,0,-661
"267","2012-03",0.0543761597176569,75.2776710978199,663.824220198919,312,6,-306
"268","2012-04",0.0543711674715153,63.6306988249141,562.86118491076,301,12,-289
"269","2012-05",0.0543671034508673,71.7487391863062,292.620390968758,28,129,101
"270","2012-06",0.054357559542075,69.127449338451,235.936040032014,11,201,190
"271","2012-07",0.0543456200623254,81.7189695355907,191.664801226708,0,451,451
"272","2012-08",0.0543287509288,84.7022207013582,183.18732403051,0,324,324
"273","2012-09",0.0543080626690695,63.0360993196649,244.496066694569,43,126,83
"274","2012-10",0.0542905639449825,70.5356358127323,524.734212616486,263,23,-240
"275","2012-11",0.0542761997701953,76.0251320985075,1396.99317426766,649,0,-649
"276","2012-12",0.054265183266954,90.5732740303863,1608.86054398356,667,0,-667
"277","2013-01",0.0542563817157805,96.3787491156002,2038.89318431955,808,0,-808
"278","2013-02",0.0542490984608381,84.5243918897335,1948.56581064302,790,0,-790
"279","2013-03",0.0542320856329304,81.6935899739128,1791.71883564139,754,0,-754
"280","2013-04",0.0542046287839032,69.1461140781024,845.683029450544,292,29,-263
"281","2013-05",0.054174642101308,63.8294404785877,375.820919112488,132,85,-47
"282","2013-06",0.0541273211770147,66.6125799831253,280.037525155908,1,248,247
"283","2013-07",0.0540762218858211,86.0532523278936,191.174331078652,0,370,370
"284","2013-08",0.0540145453624754,79.241284693596,178.570575352169,4,255,251
"285","2013-09",0.0539421687634599,67.2749081108664,223.509119831083,58,122,64
"286","2013-10",0.0538651941904785,67.3095319858995,396.763210762209,238,41,-197
"287","2013-11",0.0537827699644705,74.8052659625782,1275.028792203,617,2,-615
"288","2013-12",0.0537021266996806,89.3456906445071,1841.41914095769,737,0,-737
"289","2014-01",0.0536136322337986,100.00896691315,2728.10915823492,1066,0,-1066
"290","2014-02",0.0535480528461611,87.0866589354314,2138.55239335957,797,0,-797
"291","2014-03",0.0535030242905466,86.5094123704071,1908.20802436822,748,0,-748
"292","2014-04",0.0534742474892786,68.7376792880142,711.899499699184,304,0,-304
"293","2014-05",0.0534603719793308,64.0287844313816,328.64614772669,68,93,25
"294","2014-06",0.0534637214060758,67.5301681042981,224.091193868316,2,258,256
"295","2014-07",0.0534846233490503,78.0706009407116,196.275768244182,0,306,306
"296","2014-08",0.0535154179277025,73.5602978866812,202.075580608707,0,226,226
"297","2014-09",0.0535652983679284,67.4680595116901,213.798356944413,31,147,116
"298","2014-10",0.0536342436903644,64.5514946958155,374.268442104418,206,18,-188
"299","2014-11",0.0537243861417104,73.2326901920206,1311.86581087718,651,0,-651
"300","2014-12",0.0538379801636963,87.536858578348,1912.06046058806,744,0,-744
"301","2015-01",0.0539712958726325,98.4304249374271,2540.9151283117,964,0,-964
"302","2015-02",0.0540952597722638,87.8119854998397,2741.19420575234,1011,0,-1011
"303","2015-03",0.0541979265821851,87.8105398502253,1785.90593713392,655,0,-655
"304","2015-04",0.0542793933519007,68.1139594070617,623.67515714078,270,4,-266
"305","2015-05",0.0543414696641652,61.3803677447492,292.143661485224,50,148,98
"306","2015-06",0.054384683880856,62.7097032434692,216.317454218837,9,294,285
"307","2015-07",0.0544063824694149,76.4034139342156,200.076833019315,0,346,346
"308","2015-08",0.0544068384733738,78.885196450424,193.276656922006,0,287,287
"309","2015-09",0.0543893765810144,70.1967149515774,249.213367977883,15,186,171
"310","2015-10",0.0543526179674119,64.2810681116072,463.30794535817,261,6,-255
"311","2015-11",0.0543059648594218,66.3266901056666,844.423600915143,403,5,-398
"312","2015-12",0.0542384601668576,76.5849297796703,1065.73337983609,460,3,-457
"313","2016-01",0.0541639723815253,90.6393225059623,2242.66665807609,966,0,-966
"314","2016-02",0.0541062419905399,79.492288811642,1885.1172620248,758,0,-758
"315","2016-03",0.0540618212049367,75.4722780487513,1067.67131337513,409,4,-405
"316","2016-04",0.0540313535482095,65.0079382192137,707.659618546396,291,12,-279
"317","2016-05",0.0540148756284432,60.467549644137,387.340776454429,133,67,-66
"318","2016-06",0.0540133443731223,65.3863941682965,267.670638843991,1,242,241
"319","2016-07",0.0540231768635476,78.6245421788064,186.299165192403,0,421,421
"320","2016-08",0.0540480045308938,79.9980728221499,179.284638926744,0,433,433
"321","2016-09",0.0540878381631415,70.0639154753304,188.812007288021,1,285,284
"322","2016-10",0.0541412483849524,62.6009898849465,375.165584794233,130,71,-59
"323","2016-11",0.0542165275614429,67.8953518863575,848.897452781197,484,2,-482
"324","2016-12",0.0543105690339516,84.1941350347316,1729.84321760944,778,0,-778
"325","2017-01",0.0544178022671883,89.2789138749731,1998.22880155791,754,0,-754
"326","2017-02",0.0545220628206684,73.5678411584484,1351.07052123701,520,0,-520
"327","2017-03",0.0546117780427556,77.2199826620868,1436.66529488059,598,1,-597
"328","2017-04",0.054688166330556,64.870593105011,492.412586868771,161,56,-105
"329","2017-05",0.0547487858777517,60.5795259786621,324.331175931242,113,79,-34
"330","2017-06",0.054795772118652,65.1237695576611,232.896827570249,6,237,231
"331","2017-07",0.0548265106647642,73.089218363464,214.605337435215,0,403,403
"332","2017-08",0.0548426736552688,72.6518676284378,205.386832129518,1,274,273
"333","2017-09",0.0548464952839857,64.4698245000385,218.550945548633,37,146,109
"334","2017-10",0.0548381292181048,61.1561531976279,369.18173852894,174,61,-113
"335","2017-11",0.0548220418513532,67.4339547184802,1045.16774082065,542,0,-542
"336","2017-12",0.0547970662660607,86.4206072845567,2074.62717524117,848,0,-848
