"","Date","Real GDP per capita (millions of chained 2012 dollars per person)","Electricity Sale to Residential Consumers per capita (MJ/person)","Natural Gas Deliveries to Residential Consumers per capita (MJ/person)","HDD","CDD","DD"
"1","1990-01",0.017436589110046,3323.76438811948,4373.62113269238,824,0,-824
"2","1990-02",0.0174393410806331,2828.62703848018,2991.01647308271,682,0,-682
"3","1990-03",0.0174441645406345,2772.51551710134,2661.86503144398,581,4,-577
"4","1990-04",0.0174506931476805,2484.66652580155,2169.9983350541,429,15,-414
"5","1990-05",0.0174595143141163,2424.15995371953,1113.89721443209,177,13,-164
"6","1990-06",0.017470388533824,2520.48268485448,672.580715119097,26,136,110
"7","1990-07",0.0174834038350539,2805.41374247949,461.484877638664,0,245,245
"8","1990-08",0.0174984998537266,2860.99873502722,443.548267467001,1,204,203
"9","1990-09",0.0175157136624398,2555.92759605391,509.707650597007,92,106,14
"10","1990-10",0.0175350834355319,2531.71821004815,861.819443188941,313,7,-306
"11","1990-11",0.0175568492306872,2622.86152098043,1930.12569038415,552,0,-552
"12","1990-12",0.0175807751548587,3176.74948591359,2590.33894918584,805,0,-805
"13","1991-01",0.0176069054686161,3478.62622015942,3538.99817388354,995,0,-995
"14","1991-02",0.0176345237650502,2896.79128922623,3516.21823505873,797,0,-797
"15","1991-03",0.0176638254048571,2845.7784845427,3089.64082362007,644,0,-644
"16","1991-04",0.0176945738868481,2560.93977274311,1828.53345260778,315,19,-296
"17","1991-05",0.0177267037782184,2652.86195124007,872.026202537619,50,155,105
"18","1991-06",0.017760199300637,2772.93229919299,449.21447671804,15,203,188
"19","1991-07",0.0177956984759206,3104.52256441586,399.537008409769,0,328,328
"20","1991-08",0.0178326945808749,2990.16200127432,394.974934059526,1,241,240
"21","1991-09",0.0178712614396495,2590.44290230218,485.641658643487,112,128,16
"22","1991-10",0.0179114932671343,2632.37803794076,1103.02278260998,316,9,-307
"23","1991-11",0.0179534537516637,2886.04575849559,2036.69668580656,709,0,-709
"24","1991-12",0.017997186754005,3322.2998446728,2995.30715403969,849,0,-849
"25","1992-01",0.0180425313770261,3356.43668450155,3921.13889664837,1010,0,-1010
"26","1992-02",0.0180845922351212,2908.0730374951,3950.51290333618,806,0,-806
"27","1992-03",0.0181232399286601,2850.09905523774,2743.13918920541,745,0,-745
"28","1992-04",0.0181583930519757,2683.03309298008,2558.42081570422,413,7,-406
"29","1992-05",0.0181901893816958,2501.54745273835,1314.80587854411,216,16,-200
"30","1992-06",0.0182185851123048,2425.07951459026,699.532192577042,49,70,21
"31","1992-07",0.0182436312478632,2632.92243017646,432.176353782665,1,257,256
"32","1992-08",0.0182651914907687,2652.06372737031,418.039282609961,10,125,115
"33","1992-09",0.0182834868887399,2463.34324595533,517.679016834955,79,85,6
"34","1992-10",0.0182984627415688,2508.21747195496,1199.62906896879,429,0,-429
"35","1992-11",0.0183102050457273,2777.90205944483,1969.73709453416,613,0,-613
"36","1992-12",0.0183187015788587,3370.33569230522,2615.77592945268,956,0,-956
"37","1993-01",0.0183238461041294,3452.81139291458,3291.11163174014,883,0,-883
"38","1993-02",0.0183407975239469,2813.37311202167,3755.34174469847,961,0,-961
"39","1993-03",0.0183694335392277,2963.07501873935,3631.7167121746,846,0,-846
"40","1993-04",0.0184096063423752,2627.92363885867,2240.75993009897,435,0,-435
"41","1993-05",0.0184613922007012,2503.3432433154,1011.67544677327,127,29,-98
"42","1993-06",0.0185247346692246,2520.21740512661,605.013916313366,37,151,114
"43","1993-07",0.0185996633254465,3054.60481209093,335.103244414358,0,343,343
"44","1993-08",0.0186861328412612,3181.31536443624,389.69884343231,1,270,269
"45","1993-09",0.0187842792406564,2561.98494439914,465.032189580939,71,93,22
"46","1993-10",0.0188940846237746,2667.47735709931,1142.31585998782,398,1,-397
"47","1993-11",0.0190156980296138,2763.60085951977,2102.90312113326,652,1,-651
"48","1993-12",0.0191490505897846,3328.4983477607,3186.70695112992,988,0,-988
"49","1994-01",0.0192941190651619,3681.31960275985,4647.77216229299,1281,0,-1281
"50","1994-02",0.0194261622652769,3098.08375041849,3986.33857966348,883,0,-883
"51","1994-03",0.0195448763406323,2954.02467312571,3227.35449440362,764,0,-764
"52","1994-04",0.0196501271611286,2520.52356258241,2061.69607272012,321,10,-311
"53","1994-05",0.0197423014319362,2426.74028669455,1156.81467978918,278,12,-266
"54","1994-06",0.019821105985875,2783.98508688107,581.83660854118,14,218,204
"55","1994-07",0.0198866275348484,3035.24207216466,339.905218292215,0,280,280
"56","1994-08",0.0199388705196442,3011.84178682474,392.646458964763,9,163,154
"57","1994-09",0.0199778432461688,2673.81644603073,495.621961086948,85,35,-50
"58","1994-10",0.0200036197808339,2728.85078240455,949.034963896957,390,0,-390
"59","1994-11",0.0200162803520324,2809.43959228141,1546.12288707617,510,0,-510
"60","1994-12",0.0200157646361429,3237.21142636062,2730.08578412032,811,0,-811
"61","1995-01",0.0200020474912097,3400.53474078266,3630.46834384312,1015,0,-1015
"62","1995-02",0.0200028074863831,2855.73953705404,4108.84776028542,986,0,-986
"63","1995-03",0.02001799215493,2998.8450884338,2881.9828781864,649,0,-649
"64","1995-04",0.0200474165873772,2694.78753244999,1991.18687221209,420,2,-418
"65","1995-05",0.0200913273041637,2497.15147182034,1114.42206317356,179,29,-150
"66","1995-06",0.0201495094837627,3074.2532681569,440.470032978747,13,172,159
"67","1995-07",0.0202220266581099,3395.80090746997,360.141143283414,1,305,304
"68","1995-08",0.0203089469447127,3660.38221369409,351.350794352848,0,355,355
"69","1995-09",0.0204101851329785,2892.52596347058,464.285630311753,90,54,-36
"70","1995-10",0.0205258617764176,2861.04806759934,904.126253504901,299,10,-289
"71","1995-11",0.0206561867663784,2994.69078846959,2275.20036116082,792,0,-792
"72","1995-12",0.0208011087694221,3523.3352744853,3681.70041685288,1092,0,-1092
"73","1996-01",0.0209605930453827,3671.36886393448,4366.86703542065,1110,0,-1110
"74","1996-02",0.0210746446896298,3171.26016516908,4143.96572704446,966,0,-966
"75","1996-03",0.0211431657298622,3164.50699985211,3449.55950094598,907,0,-907
"76","1996-04",0.0211661036984323,2757.48010442442,2434.14558666839,431,7,-424
"77","1996-05",0.0211435989223121,2699.89349730445,1037.33332928876,175,63,-112
"78","1996-06",0.0210755044463041,2986.83033477428,513.083412026179,13,178,165
"79","1996-07",0.020961882581369,3042.0059597837,370.576021582353,9,182,173
"80","1996-08",0.0208026098197141,3373.57485762275,337.332800115429,1,196,195
"81","1996-09",0.0205977976738539,2815.43194877922,437.275192002662,93,72,-21
"82","1996-10",0.0203474859308715,2732.27243075893,1011.03600260782,338,0,-338
"83","1996-11",0.0200515989651089,3004.71859010282,2131.11040864654,830,0,-830
"84","1996-12",0.0197103365280032,3560.25889441514,3247.19029785258,844,0,-844
"85","1997-01",0.0193234864238225,3696.02183343488,3714.26396746006,1060,0,-1060
"86","1997-02",0.0191063951697628,3101.82011871342,3503.65961358501,750,0,-750
"87","1997-03",0.0190590527103916,3201.75971498361,2687.32041389827,642,0,-642
"88","1997-04",0.0191814860611895,2729.65067347956,2129.8307219516,538,1,-537
"89","1997-05",0.0194739212922947,2548.77720204859,1398.5185579218,301,8,-293
"90","1997-06",0.0199363270239167,3028.52163046591,599.0084785773,47,135,88
"91","1997-07",0.0205688178853595,3199.26130059676,309.617833432879,2,254,252
"92","1997-08",0.0213713322244698,3180.75761925882,376.375978177168,14,157,143
"93","1997-09",0.0223441495121265,2752.97521949768,488.474493494661,85,47,-38
"94","1997-10",0.0234873810812341,2924.37515578921,1093.55307923469,383,14,-369
"95","1997-11",0.0248011669119863,2862.91372119284,2557.02221034322,742,0,-742
"96","1997-12",0.0262855983186311,3475.82879670273,3789.17481980142,923,0,-923
"97","1998-01",0.0279405392285851,3649.65921485509,3574.93593099424,837,0,-837
"98","1998-02",0.0294350644456997,2879.86016909097,3082.92523648608,724,0,-724
"99","1998-03",0.0307689515849119,3104.79278474483,2860.46222321712,701,9,-692
"100","1998-04",0.0319417912447692,2674.63355838177,1814.28784303434,373,3,-370
"101","1998-05",0.0329538644512924,2874.09951739408,805.539807072095,81,67,-14
"102","1998-06",0.0338050648231789,2947.88768521018,422.405266807604,46,174,128
"103","1998-07",0.0344953440282841,3474.81369689001,323.502225733365,0,251,251
"104","1998-08",0.0350245154148157,3576.22075127657,331.785028604361,1,243,242
"105","1998-09",0.0353927297119994,3197.71029047828,393.078312801228,39,153,114
"106","1998-10",0.0355998662217939,3073.31062051236,820.470812748692,321,13,-308
"107","1998-11",0.0356458812618293,3092.96415135633,1762.04984211113,626,0,-626
"108","1998-12",0.0355307128203463,3383.07120426678,2509.78029073542,823,0,-823
"109","1999-01",0.0352538562667297,3779.13099561006,3918.28450298988,958,0,-958
"110","1999-02",0.0350056902445143,3037.37049721579,3132.73092817387,805,0,-805
"111","1999-03",0.0347857408228109,3132.8029799242,3440.80022696098,876,0,-876
"112","1999-04",0.0345937242284169,2739.59583271689,1869.6575424277,314,2,-312
"113","1999-05",0.0344299825378203,2728.53354453746,884.06423525416,124,26,-98
"114","1999-06",0.034294506304236,3337.05380615372,415.512015134076,22,193,171
"115","1999-07",0.0341873997936976,4207.2858072383,333.308954980934,1,371,370
"116","1999-08",0.0341086502464026,3412.79267757496,319.390538214595,3,214,211
"117","1999-09",0.0340584134580691,3076.88842841707,430.675403600411,82,65,-17
"118","1999-10",0.0340366899089673,2907.92892463539,846.708255747691,371,0,-371
"119","1999-11",0.0340436876511803,2846.80129672112,1606.53006411991,525,0,-525
"120","1999-12",0.0340793234794254,3647.42247674352,2651.71583686967,918,0,-918
"121","2000-01",0.0341432864048103,3877.52259137988,3685.52661566871,1098,0,-1098
"122","2000-02",0.0342010566916903,3259.36744596651,3967.32957710906,759,0,-759
"123","2000-03",0.0342522399964056,3100.49285525412,2412.14253240068,592,0,-592
"124","2000-04",0.0342965422045406,2756.13330620394,1573.72771548541,413,1,-412
"125","2000-05",0.0343346627325145,2944.84133198735,1199.16570272153,97,61,-36
"126","2000-06",0.0343660915154408,2997.44551855453,472.022246246591,21,199,178
"127","2000-07",0.0343907773100751,3548.56634360358,328.651142898926,4,169,165
"128","2000-08",0.0344090883106475,3812.24763119575,338.229309255163,3,183,180
"129","2000-09",0.0344208185750222,3232.83984269395,378.828891735779,120,101,-19
"130","2000-10",0.0344261104786411,3090.50678094128,868.088989118962,297,12,-285
"131","2000-11",0.0344251162370852,3010.36182473703,1378.15968432252,735,0,-735
"132","2000-12",0.0344176206404665,4076.32677683783,3376.87787655685,1219,0,-1219
"133","2001-01",0.0344038782659342,3985.4599950489,4244.49192710465,1105,0,-1105
"134","2001-02",0.0343966430857868,3387.17565115215,3345.84131106095,767,0,-767
"135","2001-03",0.034395738494562,3251.02742290485,3171.2565950034,862,0,-862
"136","2001-04",0.0344011324246994,2891.36005187869,2154.95887435283,338,34,-304
"137","2001-05",0.0344130106396672,2819.51861071312,611.683414682457,133,30,-103
"138","2001-06",0.0344311624644057,3324.78531567199,280.841543708753,29,151,122
"139","2001-07",0.0344557889202492,4185.19780049008,245.319982734603,7,187,180
"140","2001-08",0.0344867680823294,4338.9800243086,284.771483380347,0,273,273
"141","2001-09",0.0345241065867231,2991.44003879932,478.052537750449,112,62,-50
"142","2001-10",0.0345685047658839,3013.03599735451,970.759045773393,378,4,-374
"143","2001-11",0.0346190734668358,3003.6406822328,1963.67307818878,508,0,-508
"144","2001-12",0.0346762007369838,3675.82791447092,2523.42227925737,773,0,-773
"145","2002-01",0.0347398909821793,3894.73682877806,3123.49362642158,924,0,-924
"146","2002-02",0.0347957551767943,3275.11287899512,3058.74185243545,796,0,-796
"147","2002-03",0.0348439792036726,3406.48239509319,2876.51742913166,698,0,-698
"148","2002-04",0.0348841822422279,3103.9772946112,1677.46029193264,345,28,-317
"149","2002-05",0.0349164424679068,2953.2575559348,1021.79429306436,233,31,-202
"150","2002-06",0.0349407329178613,3594.71248710004,338.421663782765,7,193,186
"151","2002-07",0.0349573004781142,4708.28038883562,340.903691436853,1,319,318
"152","2002-08",0.0349659521059795,4235.4099875071,284.356004729991,4,289,285
"153","2002-09",0.0349666876270788,3505.51076255704,348.404819110459,26,145,119
"154","2002-10",0.0349597060075002,3051.56499485278,987.305806724322,333,28,-305
"155","2002-11",0.0349450706578388,3400.34277300873,2129.74369798149,703,0,-703
"156","2002-12",0.0349229440756687,4034.87578929081,3365.75686886388,995,0,-995
"157","2003-01",0.0348930210726634,4187.11143509882,4303.34936154819,1222,0,-1222
"158","2003-02",0.0348694158443696,3505.17336687729,3946.45831194679,979,0,-979
"159","2003-03",0.0348517020482213,3521.6340766322,2780.56287212826,626,0,-626
"160","2003-04",0.0348396861417204,2979.37143312913,1448.79448006633,333,3,-330
"161","2003-05",0.0348333846952905,3052.47218942931,742.398715788084,146,15,-131
"162","2003-06",0.0348320127573711,3156.89138059809,380.350351272876,54,90,36
"163","2003-07",0.0348362652098442,4069.23650262111,302.34612394078,0,234,234
"164","2003-08",0.0348463696521504,4423.38100357946,280.767778943255,0,269,269
"165","2003-09",0.0348624364685243,3364.95055286823,430.938620971428,66,59,-7
"166","2003-10",0.0348843561616437,3122.36056518906,1150.77233099289,388,0,-388
"167","2003-11",0.0349122117870309,3321.23315033116,1507.44060683675,513,0,-513
"168","2003-12",0.0349461979232499,3971.41791098198,3145.26541349132,981,0,-981
"169","2004-01",0.0349861164831571,4375.75876356096,3914.33756231354,1167,0,-1167
"170","2004-02",0.0350317515707094,3639.70582023221,4161.97179242111,940,0,-940
"171","2004-03",0.0350828367444975,3375.78271393882,2822.52905224814,631,0,-631
"172","2004-04",0.0351390361701648,3001.69488687657,1874.03161940217,389,7,-382
"173","2004-05",0.0352005742816458,2972.25966599463,799.514067802773,63,121,58
"174","2004-06",0.035267789289374,3354.23885941231,306.622680096862,23,133,110
"175","2004-07",0.0353404199163718,3795.23626599656,307.884807666013,1,226,225
"176","2004-08",0.0354184133908842,3666.00856886787,284.440658805326,20,170,150
"177","2004-09",0.0355019286136324,3559.92721137873,311.044398534275,33,82,49
"178","2004-10",0.0355908566214961,3090.54562400442,674.663054265811,291,0,-291
"179","2004-11",0.0356856036083437,3276.01495211679,1241.00631787486,536,1,-535
"180","2004-12",0.0357859925693336,4199.93502844018,2517.52196642488,1001,0,-1001
"181","2005-01",0.0358918953309436,4306.87059753714,3270.17718941249,942,0,-942
"182","2005-02",0.0359925908087938,3384.08782265616,3464.71985962393,822,0,-822
"183","2005-03",0.0360872905742298,3496.76178355182,3267.03518853295,856,0,-856
"184","2005-04",0.0361758319650182,3003.7885282232,1605.26766993866,359,0,-359
"185","2005-05",0.0362584295008831,3003.54635871614,1051.53430682611,259,8,-251
"186","2005-06",0.0363353807455642,4120.46276035598,402.847745317788,13,209,196
"187","2005-07",0.0364063709656239,4581.75267104006,252.705913516367,0,321,321
"188","2005-08",0.0364715727161002,4568.2527386361,250.777576562447,0,311,311
"189","2005-09",0.0365308821444663,3569.81371515567,265.307574148043,18,121,103
"190","2005-10",0.0365844241759098,3241.03358021172,478.6214276009,312,14,-298
"191","2005-11",0.0366326825638178,3292.57333672458,1480.58596105987,599,0,-599
"192","2005-12",0.0366748168921982,4249.91394144149,3080.88445273483,1083,0,-1083
"193","2006-01",0.0367113562149757,4009.13455510659,2960.69697941592,794,0,-794
"194","2006-02",0.0367414987642588,3480.57952007727,2891.17546357207,903,0,-903
"195","2006-03",0.0367655352331118,3491.47698067767,2652.19280444588,740,0,-740
"196","2006-04",0.036783038794777,2964.93631104854,1441.90488882304,290,3,-287
"197","2006-05",0.0367942628591285,3018.1532517756,723.987883718057,235,36,-199
"198","2006-06",0.0367989038659756,3514.5101392688,390.694423571856,30,98,68
"199","2006-07",0.0367970990828979,4748.70296300442,224.388439397763,2,254,252
"200","2006-08",0.0367890552266787,4438.1829137018,230.670065300778,0,265,265
"201","2006-09",0.036774448955395,3289.90037356908,315.932012034693,107,18,-89
"202","2006-10",0.0367537342294176,3184.60813395127,732.211674599746,422,1,-421
"203","2006-11",0.0367268243952724,3364.65571752744,1656.85446541207,592,0,-592
"204","2006-12",0.0366933598019798,3879.4500093887,2271.73860473337,791,0,-791
"205","2007-01",0.0366538234921363,3987.47618585418,2678.7063500344,922,0,-922
"206","2007-02",0.0366267744348625,3977.95155687747,3595.05312626769,1149,0,-1149
"207","2007-03",0.0366120803513009,3494.72397900923,3091.97102201714,590,4,-586
"208","2007-04",0.036609373827689,2986.89913092321,1454.81388164281,460,3,-457
"209","2007-05",0.0366189574281203,3031.99938049785,464.439288748259,106,66,-40
"210","2007-06",0.0366405685173567,3779.22306340859,223.967941487768,5,155,150
"211","2007-07",0.0366741996385873,4350.61626825001,228.961393975981,2,183,181
"212","2007-08",0.0367199793517802,4534.33516672308,208.725336669759,0,329,329
"213","2007-09",0.0367779233091875,3686.12998055464,216.235288564197,45,138,93
"214","2007-10",0.0368481900220813,3250.9067322872,560.293048113363,207,42,-165
"215","2007-11",0.0369305547309254,3247.87905870143,1618.01583744753,671,0,-671
"216","2007-12",0.0370251817441748,4143.016171635,2397.32085408795,854,0,-854
"217","2008-01",0.037132144298862,4522.52916639932,3234.69215913983,1068,0,-1068
"218","2008-02",0.0372259896311252,3997.02651518111,3008.51872657526,901,0,-901
"219","2008-03",0.0373066042343252,3717.62496669782,2506.93416342039,726,0,-726
"220","2008-04",0.0373742551966873,3193.08204823289,1110.76386543073,331,3,-328
"221","2008-05",0.0374284415589049,3035.61632665015,624.873547661528,203,6,-197
"222","2008-06",0.0374695457728967,3271.39398490136,267.438190861391,10,174,164
"223","2008-07",0.037497387658636,4005.23724156607,229.060944265635,1,213,212
"224","2008-08",0.0375119734132396,3905.79206658463,232.228115515542,5,145,140
"225","2008-09",0.037513510442029,3143.34172490299,276.952888824007,32,92,60
"226","2008-10",0.0375020396511735,2999.76923700555,956.318066366735,395,0,-395
"227","2008-11",0.0374775291789669,3448.42512733312,2006.35630383892,750,0,-750
"228","2008-12",0.0374401510433072,4353.14477188105,2870.69829709323,917,0,-917
"229","2009-01",0.0373894916747823,4576.52514700547,3595.92410245885,1188,0,-1188
"230","2009-02",0.0373397147025844,3717.21910845364,2944.72788762335,884,0,-884
"231","2009-03",0.0372905438859543,3763.43293224292,2102.43039592657,652,0,-652
"232","2009-04",0.0372422218903116,3216.66851197847,1220.31106656306,394,16,-378
"233","2009-05",0.037194517434191,2979.42349995041,475.359660831696,134,37,-97
"234","2009-06",0.0371475182008864,3257.10947354007,213.884172704524,13,141,128
"235","2009-07",0.0371012354193562,3545.79101487408,232.496140406424,6,120,114
"236","2009-08",0.0370557364250993,3633.5310550586,218.37266173582,3,219,216
"237","2009-09",0.0370108598440151,2983.33033698341,315.123582976492,51,48,-3
"238","2009-10",0.036966916533529,3093.21174607448,1023.01696786267,410,0,-410
"239","2009-11",0.0369239098500765,3375.1156716403,1327.8555002255,549,0,-549
"240","2009-12",0.0368820954921989,4235.3332016148,2765.24633684317,999,0,-999
"241","2010-01",0.036840949901529,4496.50230867059,3445.3774085077,1152,0,-1152
"242","2010-02",0.0368125112705599,3536.32975502551,3099.14988474207,1055,0,-1055
"243","2010-03",0.0367966777027451,3380.28100365082,1836.6533412381,653,0,-653
"244","2010-04",0.0367931823507734,2919.94552470213,923.183919835203,280,8,-272
"245","2010-05",0.0368019609720238,3139.14951877659,497.257470855341,93,71,-22
"246","2010-06",0.0368229732166688,3378.27809833452,245.555930000582,7,243,236
"247","2010-07",0.0368559723081373,4519.28591440582,215.194374394646,3,307,304
"248","2010-08",0.0369009612971892,4482.93527707461,237.779584642794,0,291,291
"249","2010-09",0.0369579626405177,2983.47289313129,267.772581666906,49,87,38
"250","2010-10",0.0370271231398274,2972.86031075189,760.822681256188,323,2,-321
"251","2010-11",0.0371088221010366,3207.83524351558,1717.12594716645,647,0,-647
"252","2010-12",0.0372028792882243,4279.7553876852,3432.52649713412,1210,0,-1210
"253","2011-01",0.0373091683110948,4318.42434820272,3501.17817117599,1176,0,-1176
"254","2011-02",0.037401531807891,3627.14046730999,2490.71507235152,785,0,-785
"255","2011-03",0.0374797691858619,3526.68222316954,2177.50193190815,712,0,-712
"256","2011-04",0.0375433916061017,3193.55286299795,1071.36591156149,293,16,-277
"257","2011-05",0.0375927192127673,3012.27898969793,493.374172138797,135,76,-59
"258","2011-06",0.0376277647625751,3301.9200501681,322.232086654922,9,163,154
"259","2011-07",0.037648135774343,4716.29518468396,223.697163155154,0,341,341
"260","2011-08",0.0376541248075476,4114.03345699787,205.235229588111,0,228,228
"261","2011-09",0.0376455318380158,2978.00083539054,284.752999430207,65,82,17
"262","2011-10",0.0376227666357066,2934.51464432691,846.8398156535,384,0,-384
"263","2011-11",0.0375858199103575,3288.553907251,1455.63339612352,539,0,-539
"264","2011-12",0.0375345114862611,3976.24435636873,2361.14339036273,808,0,-808
"265","2012-01",0.0374688124844942,4058.59109375091,2728.927237206,918,0,-918
"266","2012-02",0.0374160137981219,3524.04063490042,2522.67714307107,802,0,-802
"267","2012-03",0.0373753782610498,3288.16268075279,1207.5539513343,396,10,-386
"268","2012-04",0.0373472460619481,2873.7060934853,1174.1529237778,393,3,-390
"269","2012-05",0.0373315980488139,3047.75472008785,281.969498325621,52,103,51
"270","2012-06",0.0373281624908107,3868.9460168526,201.308282856722,26,147,121
"271","2012-07",0.0373370646739658,5079.0038373281,143.437625578519,0,356,356
"272","2012-08",0.0373581997420597,3784.46655014179,233.321340663432,0,210,210
"273","2012-09",0.0373916173767832,3061.65580975578,388.479455436479,102,88,-14
"274","2012-10",0.0374376177463897,2951.01359215764,839.221833265415,373,5,-368
"275","2012-11",0.0374962111609269,3282.43365724774,2032.15050607941,747,0,-747
"276","2012-12",0.0375674230496407,3918.53848426382,2127.3758165129,802,0,-802
"277","2013-01",0.0376512259835244,4263.48698896219,2790.73430564104,971,0,-971
"278","2013-02",0.0377254675015207,3676.27677274239,2764.26560302711,925,0,-925
"279","2013-03",0.0377896685842732,3603.60967918543,2810.48921644506,878,0,-878
"280","2013-04",0.0378437938245062,3200.12113257245,1221.83726482852,354,9,-345
"281","2013-05",0.037888176419433,3013.97816916466,508.076990349229,160,59,-101
"282","2013-06",0.0379221804059413,3291.13442140236,288.007996963117,4,155,151
"283","2013-07",0.0379463812723126,4106.037053071,204.173998584919,2,259,257
"284","2013-08",0.0379604845764039,3842.25086265866,223.337631701249,9,174,165
"285","2013-09",0.0379644813124159,3194.81455716824,338.768219133422,87,77,-10
"286","2013-10",0.0379586318476277,2972.04287385938,836.885631514625,329,22,-307
"287","2013-11",0.0379428978143687,3461.0236748606,1974.05719132204,754,0,-754
"288","2013-12",0.0379175913291263,4318.208058174,2389.29327463758,894,0,-894
"289","2014-01",0.0378822938288765,4657.5965387247,3648.77724768109,1271,0,-1271
"290","2014-02",0.0378519810019818,3977.75808854403,3057.19217036673,969,0,-969
"291","2014-03",0.037826556377853,3766.80708913209,2769.97291236823,854,0,-854
"292","2014-04",0.0378058394754524,3158.17657943364,1218.47134364317,344,1,-343
"293","2014-05",0.037789778575228,2955.52731540965,564.265078397139,127,55,-72
"294","2014-06",0.0377784828374488,3325.08807798732,288.077289220132,4,187,183
"295","2014-07",0.0377719754057014,3496.36891827978,222.60928428162,8,177,169
"296","2014-08",0.0377699319814989,3864.8351554319,222.671243598368,2,167,165
"297","2014-09",0.0377727639151513,3004.11562273997,319.875458822706,70,91,21
"298","2014-10",0.0377804817727621,2958.60939443137,709.889090388891,338,2,-336
"299","2014-11",0.0377931907349189,3481.70127739389,2011.51196139902,796,0,-796
"300","2014-12",0.0378110018195931,4072.92522361813,2433.3865150461,841,0,-841
"301","2015-01",0.037833765896022,4256.1322612739,3172.84284721055,1115,0,-1115
"302","2015-02",0.0378507652728253,3743.22723713145,3495.78392530365,1184,0,-1184
"303","2015-03",0.037861479056472,3426.68541398884,2829.3632791389,772,0,-772
"304","2015-04",0.0378659106230519,2922.38354937832,1011.73359933464,357,1,-356
"305","2015-05",0.0378641373193598,2905.04830030576,414.53844915196,84,105,21
"306","2015-06",0.0378561805688098,3073.82856256972,258.261899887458,9,202,193
"307","2015-07",0.0378419235532283,4008.63332848183,150.922226108863,0,249,249
"308","2015-08",0.0378213761016977,3843.73336206832,209.391098909935,3,184,181
"309","2015-09",0.0377946802445544,3471.78906655286,239.317042134485,38,118,80
"310","2015-10",0.0377617737008593,2846.98155874476,768.01024989924,333,0,-333
"311","2015-11",0.0377230628276052,3190.66888107123,1318.95640638047,496,0,-496
"312","2015-12",0.0376780687967777,3821.87530271538,1524.33299981471,575,0,-575
"313","2016-01",0.0376273929223603,4266.25033092393,3284.87636350773,1143,0,-1143
"314","2016-02",0.0375935529108361,3514.65296522602,2591.83810083979,882,0,-882
"315","2016-03",0.0375764297695438,3260.66348784098,1631.34981441844,514,0,-514
"316","2016-04",0.0375760859693796,2989.99888961444,1112.70072368666,348,2,-346
"317","2016-05",0.0375925608141057,2939.32814135894,453.076718974975,182,44,-138
"318","2016-06",0.0376259373725096,3513.48875765055,231.671562597781,9,178,169
"319","2016-07",0.0376761027040726,4498.67978543817,226.819064645967,0,304,304
"320","2016-08",0.0377432641448406,4381.25831220347,201.95842827609,0,345,345
"321","2016-09",0.0378274740163083,3216.43730790929,225.248071577797,10,185,175
"322","2016-10",0.0379287244524437,2949.49571929634,553.505584892118,207,19,-188
"323","2016-11",0.0380474434578123,3172.46754724396,1419.27171883853,571,0,-571
"324","2016-12",0.0381835585635457,4243.03780341866,2560.4681191721,904,0,-904
"325","2017-01",0.0383368893721508,4276.86130453013,2561.30710909313,843,0,-843
"326","2017-02",0.0384773092911185,3416.14313604515,1957.73363534125,637,0,-637
"327","2017-03",0.0386042458099385,3489.09760513096,2192.80673997019,708,0,-708
"328","2017-04",0.0387177040987144,3015.06379820605,862.146248893341,220,17,-203
"329","2017-05",0.0388175297980083,2987.73966432162,476.888783731188,151,47,-104
"330","2017-06",0.0389037809813603,3540.24464305831,204.548879881171,21,138,117
"331","2017-07",0.0389763062172634,4204.78783083482,224.12469486036,0,266,266
"332","2017-08",0.0390351542073566,3561.99573899772,191.425704796831,4,162,158
"333","2017-09",0.0390804057216256,3367.25209746152,305.434083595556,71,84,13
"334","2017-10",0.0391120527614399,2879.44088005605,638.594267968412,252,38,-214
"335","2017-11",0.0391302906900112,3499.05637930653,1644.25705759652,639,0,-639
"336","2017-12",0.0391350629543585,4167.3751298575,2816.44585694206,991,0,-991
